0
0
0
0
0
0
0
0
0
0
0
0
0
0
0
0
0
0
0
0
0
0
0
0
0
0
0
0
0
0
0
0
0
0
0
0
0
0
0
0
0
0
0
0
0
0
0
0
0
0
0
0
0
0
0
0
0
0
0
0
0
0
0
0
0
0
0
0
0
0
0
0
0
0
0
0
0
0
0
0
0
0
0
0
0
0
0
0
0
0
0
0
0
0
0
0
0
0
0
0
0
0
0
0
0
0
0
0
0
0
0
0
0
0
0
0
0
0
0
0
0
0
0
0
0
0
0
0
0
0
0
0
0
0
0
0
0
0
0
0
0
0
0
0
0
0
0
0
0
0
0
0
0
0
0
0
0
0
0
0
0
0
0
0
0
0
0
0
0
0
0
0
0
0
0
0
0
0
0
0
0
0
0
0
0
0
0
0
0
0
0
0
0
0
0
0
0
0
0
0
0
0
0
0
0
0
0
0
0
0
0
0
0
0
0
0
0
0
0
0
0
0
0
0
0
0
0
0
0
0
0
0
0
0
0
0
0
0
0
0
0
0
0
0
0
0
0
0
0
0
0
0
0
0
0
0
0
0
0
0
0
0
0
0
0
0
0
0
0
0
0
0
0
0
0
0
0
0
0
0
0
0
0
0
0
0
0
0
0
0
0
0
0
0
0
0
0
0
0
0
0
0
0
0
0
0
0
0
0
0
0
0
0
0
0
0
0
0
0
0
0
0
0
0
0
0
0
0
0
0
0
0
0
0
0
0
0
0
0
0
0
0
0
0
0
0
0
0
0
0
0
0
0
0
0
0
0
0
0
0
0
0
0
0
0
0
0
0
0
0
0
0
0
0
0
0
0
0
0
0
0
0
0
0
0
0
0
0
0
0
0
0
0
0
0
0
0
0
0
0
0
0
0
0
0
0
0
0
0
0
0
0
0
0
0
0
0
0
0
0
0
0
0
0
0
0
0
0
0
0
0
0
0
0
0
0
0
0
0
0
0
0
0
0
0
0
0
0
0
0
0
0
0
0
0
0
0
0
0
0
0
0
0
0
0
0
0
0
0
0
0
0
0
0
0
0
0
0
0
0
0
0
0
0
0
0
0
0
0
0
0
0
0
0
0
0
0
0
0
0
0
0
0
0
0
0
0
0
0
0
0
0
0
0
0
0
0
0
0
0
0
0
0
0
0
0
0
0
0
0
0
0
0
0
0
0
0
0
0
0
0
0
0
0
0
0
0
0
0
0
0
0
0
0
0
0
0
0
0
0
0
0
0
0
0
0
0
0
0
0
0
0
0
0
0
0
0
0
0
0
0
0
0
0
0
0
0
0
0
0
0
0
0
0
0
0
0
0
0
0
0
0
0
0
0
0
0
0
0
0
0
0
0
0
0
0
91
80
82
71
92
78
81
81
80
93
94
91
95
82
82
90
76
77
82
85
74
101
96
76
99
68
81
72
83
91
95
85
89
93
79
93
82
72
91
97
83
78
94
108
92
85
87
80
364
347
369
369
384
376
395
378
373
373
377
355
388
348
419
346
375
399
373
398
380
367
398
375
388
396
363
371
345
385
381
351
371
400
431
420
380
398
358
366
381
390
392
382
389
359
376
386
563
571
618
643
587
631
618
614
604
605
615
625
649
584
616
636
592
634
643
658
643
673
619
639
615
656
619
675
672
641
633
685
645
652
639
684
625
668
662
714
664
678
629
650
654
639
628
653
631
665
701
664
654
666
685
689
688
683
684
708
709
733
753
753
751
709
782
721
773
768
749
756
747
782
776
772
789
764
762
840
742
795
754
816
784
831
854
797
829
837
806
820
866
846
827
891
855
823
856
895
879
912
911
900
929
928
956
901
994
975
1010
1043
1002
990
954
1006
1081
1126
1087
1073
1041
1098
1066
1139
1091
1215
1078
1144
1098
1125
1156
1198
1169
1254
1193
1280
1247
1279
1258
1263
1306
1255
1358
1278
1304
1372
1312
1384
1383
1366
1382
1394
1444
1473
1471
1437
1550
1550
1522
1502
1533
1613
1565
1544
1692
1657
1596
1712
1729
1780
1767
1827
1802
1775
1857
1829
1855
1870
1830
1863
1915
1956
1953
1910
1973
2018
2070
2002
2041
2048
2001
2044
2234
2096
2174
2119
2147
2285
2162
2239
2305
2251
2250
2376
2371
2360
2320
2478
2356
2404
2481
2450
2566
2490
2637
2560
2607
2700
2612
2755
2763
2763
2763
2816
2790
2845
2750
2796
2847
2963
2889
2909
2959
2980
2928
2998
3012
3049
3072
3196
3104
3108
3178
3188
3234
3285
3364
3381
3209
3277
3364
3360
3410
3445
3443
3504
3535
3633
3578
3594
3580
3594
3637
3766
3845
3902
3801
3841
3754
3830
3866
3913
4085
4133
3922
4055
4008
4036
4113
4043
4208
4108
4241
4193
4303
4205
4371
4286
4249
4395
4427
4412
4492
4535
4479
4521
4714
4472
4674
4743
4639
4748
4664
4760
4889
4779
4854
4851
4853
4832
5001
4881
5004
5139
5155
5018
5180
5168
5277
5373
5272
5447
5326
5382
5600
5544
5563
5427
5477
5665
5674
5795
5610
5636
5807
5938
5848
5993
5926
5997
5956
6128
6183
6174
6125
6191
6078
6290
6278
6248
6353
6404
6493
6281
6597
6626
6412
6626
6612
6649
6776
6764
6645
6842
6939
6909
6854
7010
6955
7097
6969
7034
7064
7240
438358
7349
7380
7288
7308
7483
7704
7540
7619
7653
7690
7754
7625
7764
7937
7956
7836
7948
7995
8152
8029
8245
8101
8137
8170
8280
8286
8369
8350
8519
8623
8546
8581
8524
8783
8695
8788
8737
8838
8651
8793
9058
9059
9033
9026
9010
9158
9194
1196135
11020
11078
11212
11250
10938
11072
11212
11372
11533
11463
11221
11241
11539
11613
11477
11582
11660
11532
11656
11786
11722
11830
11734
11823
11789
11939
12033
12075
12118
12003
12021
12242
12256
11972
12418
12133
12190
12386
12574
12397
12522
12298
12589
12561
12496
12623
12791
1707680
16531
16670
16811
16639
16959
16645
16661
16971
16918
16701
17024
16701
16908
17100
16776
17035
17064
17125
17031
17085
17141
17106
17078
17065
17234
17053
17136
16997
17063
17419
17183
17450
17225
17411
17230
17366
17268
17468
17322
17448
17462
17210
17531
17598
17597
17753
17340
1640272
22610
22705
22481
22570
22798
22472
22634
22788
22667
22496
22689
22624
22933
22930
22798
22836
22824
23131
23061
22782
23239
23205
23250
22870
23215
23166
23006
23052
22917
23150
23415
23205
23431
23420
23190
23516
23375
23521
23426
23475
23680
23484
23624
23544
23241
23651
23574
1238659
28358
28487
28399
28279
28237
28627
28270
28620
28302
28484
28539
28220
28675
28665
28615
28625
28562
28805
28471
28601
28734
28977
28853
29223
28807
28992
29003
29024
28954
29106
29334
29373
28939
29382
29594
29073
29058
29531
29674
29720
29391
29307
29244
29571
29564
29478
29759
814505
33177
33569
33649
33741
33496
33863
33709
33850
33751
33918
33491
33753
33843
34110
33863
34189
34163
34030
34323
34306
34336
34181
34503
34498
34998
34702
34484
34511
34804
34804
34724
34708
34901
34896
34992
34950
35027
34735
35138
35036
34911
34945
35443
34865
35064
34963
35215
486382
37992
37727
38057
38348
38115
37951
38173
38322
38059
38214
38692
38509
38379
38776
38635
38575
38610
38733
39049
38463
38810
38622
38609
38924
38834
39116
39228
39226
39221
39122
38984
38919
39620
39247
39299
39047
38865
39180
39369
39681
39926
39417
39679
39947
40116
39596
39767
265342
41310
41409
41821
41678
41522
41555
41716
41755
41494
41723
41858
41794
41501
41668
41849
41659
41978
41864
42251
41937
42266
41957
42137
42794
41791
42169
42721
42398
42552
42387
42624
42155
42627
42668
42786
42883
42665
42696
42852
42951
42958
42705
43012
42575
43108
42882
43244
145081
43881
44399
43800
44087
44175
43763
43951
44081
44302
44276
44254
44370
44431
44404
44178
44699
44621
44566
44721
44994
44782
44472
44909
44763
45158
44810
44727
44695
45066
44595
45229
45231
44942
45044
44716
45321
45832
45416
45287
45665
45394
45500
46003
45606
45396
45779
45544
89370
45874
46093
46316
46264
45917
46185
46020
46135
46484
46461
46204
46055
46690
46370
46404
46691
46691
46899
46670
46930
46488
47048
46752
46766
47433
47148
47467
46990
47119
46882
46840
46679
47215
47020
47157
47030
47256
47045
46842
46917
47423
47157
47493
47190
47422
47261
47048
65581
47707
47851
48015
48181
47660
48276
48049
47983
47949
47971
48075
48235
48017
48577
48444
48534
48535
48695
48207
48574
48574
48146
48319
48339
48777
48829
48802
48989
48666
48608
48541
48611
48287
48765
48955
48827
48529
48918
48970
48818
48414
48834
49114
49276
48834
49022
49480
55924
48885
48839
49076
49332
49229
49295
49228
49503
49388
48959
49388
49237
49591
48905
49390
49572
49510
49840
49275
49190
49705
49726
49634
49605
49426
49541
49762
49527
49732
49270
49597
49699
49948
49923
49866
49790
49434
49917
49764
50178
49878
50063
50181
49970
49941
50050
50080
52780
50152
50438
49744
50162
50098
50304
50222
50289
50085
50014
50241
50201
50885
50298
50530
50320
50697
50530
50232
51035
50280
50794
50295
50958
50491
50489
50450
50669
50468
50838
50865
50360
50474
50558
51157
51159
50929
51109
50842
51503
50913
50707
50703
50727
51129
51034
51091
51744
50802
50881
51121
50952
51128
51063
50853
51369
51229
50972
51343
51376
51244
51000
51271
50920
51160
51208
51275
51507
51316
51458
51336
51299
51707
51489
51516
51152
51401
51717
51721
51433
51190
51300
51985
51953
51934
51323
51804
51885
51721
51547
51780
51476
52085
51623
51924
52151
51757
51934
51483
51996
51379
51935
51900
51994
52398
51798
51875
51991
51732
51892
51783
52184
51984
51786
52107
52105
51997
52265
52022
52054
52408
52463
52157
51906
52232
51997
52497
52583
52585
52783
52119
52127
52145
52620
52309
52682
52834
52567
52636
52296
52697
52277
52427
52890
52682
52876
52395
53010
52539
53157
52442
52774
52469
52533
52826
52974
53123
53087
52636
52755
53187
52484
53080
53224
53035
52654
52971
52710
52770
52843
53042
53028
53186
53120
52931
52644
53132
53141
53270
53377
52879
53078
53328
53294
53399
53263
53444
53325
52921
53317
53192
53557
53145
53158
53292
53397
53601
53266
53217
53565
53279
53317
53067
53146
53358
53545
53413
53261
53342
53269
53393
53500
53021
53078
53008
53513
53313
53270
53212
53185
53298
53402
52903
53646
53110
53768
53669
53389
53290
53306
52614
53459
53362
53187
52909
52862
53385
53126
52933
53418
53180
53045
53128
53028
53130
53179
53426
53312
53576
52961
53460
52780
53098
53629
52894
53310
53329
53235
53179
53245
52632
53001
52709
53125
52927
53158
52760
53250
52665
52634
53017
53416
53037
53341
52858
53017
52866
52817
53000
52708
53259
53246
53123
53092
52948
52732
53053
53330
52946
53053
52661
52543
53004
52944
52928
52969
52572
53199
52565
52630
52553
52691
52801
52739
52570
52741
52509
52244
52443
52753
52775
52571
52555
52766
52936
52819
52523
52499
52581
52959
52432
52217
52458
52858
52449
52426
52265
52488
52450
52678
52509
52681
52345
52037
52343
52553
52240
52633
52809
52779
52654
52578
52466
52475
52209
52049
51911
52288
52030
52548
52377
52031
51873
51825
52292
52052
52402
52194
51817
52120
51916
51720
51634
51961
51924
51502
51876
51986
51773
52123
52058
51939
51985
51650
52325
51636
51790
52075
52248
51520
51652
51647
52082
51788
51948
52149
51679
51205
51654
51572
51732
51833
51239
51634
51248
51533
51749
51404
51449
51695
51335
51753
51602
51257
51097
50868
51231
51200
51739
50850
51346
51198
51351
51432
51497
50941
50842
51095
51301
51643
51174
50833
51222
51243
50993
50846
51103
50708
50772
50885
50784
50768
51055
51014
51068
50464
50477
50759
50409
50807
50097
50625
50599
50670
50550
50851
50731
50259
50374
50718
50402
50934
50612
50909
50397
49908
50429
50392
50701
50106
50380
50710
50199
50020
50361
50084
50381
50515
50114
50086
50207
50073
50332
50342
50543
49950
50282
49819
50055
49966
50177
49536
49312
50024
50084
50022
49821
49748
49715
49965
49627
49689
49469
49709
49053
49676
49475
49478
49403
50039
49227
49409
49149
49518
49325
49583
49193
49138
49663
49666
49536
48733
49228
48941
49397
48957
49054
49084
49016
48864
48909
48863
49238
48847
49172
49126
49058
48993
48719
48521
48890
48681
48735
49027
48748
48728
48590
48214
48550
48938
48642
48457
48623
48495
48593
48523
48162
48645
48506
48401
48104
48101
48279
48214
48560
47971
48094
48218
48448
48419
48154
47867
48044
48007
47945
48293
47786
47486
48112
48064
47702
47369
47818
47799
47926
47998
47853
47506
47688
47831
47350
47526
47775
47450
47393
47576
47106
47364
46973
47648
47403
47082
47352
47064
46978
47261
46618
47148
46902
47241
47010
46929
47269
46900
46639
46529
46688
47003
46780
46692
46716
46463
46667
46388
46470
46407
46517
46266
46590
46521
46145
46653
46104
46159
46335
46324
46391
46360
46184
46036
46210
45772
45799
46049
45892
45965
45804
45853
45684
45611
45844
45605
45515
45005
45551
45807
45669
45316
45689
45528
45536
45486
45280
45293
45441
45600
45064
45467
45399
45156
44844
44905
44808
45421
45189
45429
44922
45177
45367
45009
44853
44681
45025
44394
44806
44749
44841
44789
44540
44715
44464
44553
44566
44453
44398
44794
44331
44326
44347
44331
44832
43913
43872
44247
44063
44043
43933
43836
44060
44300
43875
44033
44187
44286
43871
43754
43776
43850
43811
44245
43823
43799
43713
43756
43268
43379
43278
43424
43373
43064
43481
43166
43182
43243
43494
43775
43179
43237
42991
42557
43186
42810
42693
43005
42771
43110
43257
42553
42855
42999
42576
42863
42813
42522
42615
42425
42407
42646
42587
42139
42376
42372
42025
42244
42329
41903
42430
41771
41935
42021
42348
42081
41958
41900
41854
41835
42100
41962
42085
42439
42097
41864
41649
41861
41682
41720
41678
41602
41739
41943
41524
41105
41706
41238
41435
41301
41288
40997
41364
41306
41399
41231
40905
40915
40800
40919
40929
41133
40901
40887
40856
40978
40879
40880
40755
40751
40532
40864
40604
41018
40914
40559
40694
40456
40421
40522
40605
40227
40551
40444
40510
40420
39929
40175
39990
40386
40069
40202
40136
39721
39891
39683
39926
40030
39740
39871
40020
39883
39964
39336
39845
39637
39635
39183
39862
39466
39412
39666
39637
39310
39259
39458
39122
39458
39101
39142
39434
39213
39147
39214
39431
38886
38906
39172
38966
38974
38809
38937
38809
38900
38315
38659
38660
38344
38558
38925
38494
38102
38383
38539
38790
38715
38858
38442
38491
38180
38030
38054
38282
38299
38069
38266
38056
37922
37924
38004
38078
37805
37808
37465
37697
37782
37769
37584
37584
37564
37532
37593
37645
37305
37374
37257
37457
36898
37315
37157
37133
37136
37437
37552
37456
36991
36896
36682
36753
36822
36959
36895
36998
37071
37048
36606
36868
36750
36730
36705
36622
36401
36537
36435
36243
36207
36489
36197
36862
36208
36579
35710
36245
36388
36172
36188
36012
36145
35726
35873
36000
36087
36403
35518
35819
35772
35490
35874
35788
35655
35409
35591
35666
35443
35805
35361
35325
35368
35181
35372
35600
34889
35144
34992
35012
35038
34822
34984
35074
34919
34901
35188
34814
34874
34763
35115
34708
34844
34818
34826
34600
34508
34383
34159
34515
34663
34370
34325
34640
34002
33894
34563
34115
34407
34226
34153
34023
34116
33998
33754
33980
33824
33654
33869
34040
33738
33791
33469
33522
33661
33524
33181
33208
33429
33442
33573
33241
33268
33189
33551
33282
33002
33087
32863
33173
32808
32942
33075
33184
33116
32869
32656
32717
32584
32854
32574
32698
32547
32639
32630
32631
32703
32304
32704
32314
32112
32486
32267
32471
32318
32018
32225
31957
32186
32037
31906
31846
32135
31706
31796
32314
31703
31726
31884
31784
31726
31508
31746
31146
31428
31417
31368
31442
30999
31345
31454
31288
31220
31171
31359
31273
30963
30928
31116
30884
30964
31059
31311
30594
30890
30784
30821
30502
30747
30742
30582
30672
30789
30497
30710
30684
30478
30340
30530
30139
30080
30387
30460
30311
30044
30241
29992
30264
30195
29946
29977
29927
30076
29430
29839
29695
29984
29594
29780
29645
29695
29642
29652
29901
29712
29626
29478
29300
29254
29443
29494
29263
29423
29024
29125
29035
29279
29005
29049
29029
29086
29308
29064
29010
28802
28795
28878
28566
28665
28910
28740
28696
28623
28682
28596
28435
28690
28206
28394
28476
28354
28294
27958
28385
28306
28318
28164
28306
28199
28205
28156
28138
27935
27925
27601
27929
27680
27929
27507
27697
27717
27612
27396
27594
27369
27585
27674
27294
27270
27326
27401
27158
27402
27202
27457
27625
27181
27318
26894
27052
26732
26931
26808
27063
27128
26704
27000
26949
26721
26698
26802
26507
26922
26459
26347
26673
26467
26743
26437
26192
26545
26500
26520
26458
26314
26192
25947
26450
26459
26325
26240
26257
26014
25954
25587
26191
25719
25794
25921
25967
25954
25964
25974
25839
25556
25722
25603
25450
25326
25765
25521
25301
25605
25662
25257
25517
25116
25169
25219
24993
25360
25154
25424
25148
24925
25085
25228
24681
25112
25068
24828
24916
24385
24878
24607
24850
24808
24740
24636
24614
24566
24472
24561
24489
24761
24555
24554
24349
24249
24396
24330
24375
24298
24112
23923
23937
24250
24007
24111
24037
24284
23965
23719
23930
23819
24044
23772
24172
23880
23784
23487
23458
23885
23684
23514
23538
23672
23493
23506
23611
23534
23425
23517
23366
23252
23341
23300
23092
23276
23183
23019
23079
23042
23213
23082
22966
22840
22993
22771
22691
23144
22631
22745
23078
22648
22626
22700
22488
22733
22477
22518
22759
22553
22421
22427
22041
22172
22523
22292
22337
21973
22080
21966
22380
21774
22132
22012
22136
22065
22032
21973
21775
22023
22170
21660
21716
21976
21582
21771
21507
21729
21858
21619
21589
21503
21595
21689
21652
21312
21478
21487
21345
21443
21320
21273
21402
21057
21347
21116
21148
21142
21078
21083
21026
20881
20937
21144
20757
21136
21221
20684
20795
20767
20795
20822
20681
20692
20632
20989
20581
20444
20735
20373
20431
20563
20444
20511
20715
20369
20469
20115
20534
20400
20052
20188
20144
20039
20401
20179
20206
20242
20147
19852
19955
19976
19928
19837
19763
19697
19898
19676
19733
19875
19917
19560
19819
19609
19496
19557
19613
19470
19547
19710
19218
19614
19523
19520
19321
19429
19268
19472
19155
19166
19240
19149
19102
19189
19033
19113
19008
18936
18945
19108
18845
19029
18958
18970
18833
18685
18852
18749
18794
18698
18822
18770
18811
18456
18474
18906
18560
18815
18581
18598
18313
18616
18426
18299
18286
18321
18193
18352
18295
18224
18253
18293
18157
18229
18013
18170
18298
18120
18167
17949
18190
17957
18004
17907
18033
17759
17957
17704
17748
17771
17899
17692
17699
17681
17832
17538
17761
17394
17464
17563
17469
17519
17457
17514
17509
17402
17501
17328
17498
17131
17130
17232
17016
17209
17183
16847
16996
16892
17165
16855
16979
17028
17093
17031
16949
16891
17148
16797
16998
17064
16915
17000
16736
16669
16729
16781
16888
16628
16604
16675
16681
16656
16454
16628
16476
16389
16326
16380
16357
16362
16296
16199
16189
16167
16199
16314
15997
16332
16280
15992
16219
15893
16171
16131
16077
15843
15869
16016
15751
15908
15886
15932
15901
15667
16012
15776
15634
15873
15904
15684
15723
15475
15393
15553
15435
15538
15370
15621
15698
15511
15302
15283
15407
15266
15505
15368
15432
15322
15142
15135
15247
15104
15166
15124
15110
15086
15004
15044
15014
14958
15254
14916
15019
14831
14976
14946
14905
14567
14915
14764
14780
14821
14866
14761
14654
14740
14667
14614
14538
14631
14613
14825
14662
14451
14389
14627
14369
14604
14420
14164
14244
14366
14099
14307
14526
14270
14362
14242
14385
14228
13873
14105
14164
14143
13929
13956
13976
14055
13784
13943
14069
14135
14018
13937
13894
13904
13866
13775
13768
13680
13743
13645
13771
13561
13669
13748
13671
13767
13604
13494
13582
13447
13611
13717
13471
13456
13546
13375
13221
13229
13201
13481
13335
13213
13240
13383
13324
13279
13253
13126
13171
12968
12941
13197
13037
12978
12985
12883
13038
12966
13101
12887
12704
12902
12956
12849
12869
12689
12657
12888
12913
12720
12834
12698
12410
12834
12618
12717
12615
12429
12408
12719
12541
12574
12588
12532
12590
12457
12143
12355
12331
12397
12294
12140
12324
12103
12429
12254
12178
12122
12300
12263
12196
12278
12010
11905
12051
12101
11965
12143
11845
11982
12020
12093
11932
11799
11823
11867
11847
11830
11842
11841
11690
11800
11684
11663
11597
11521
11649
11524
11589
11616
11450
11674
11389
11590
11660
11499
11612
11374
11538
11423
11235
11395
11484
11186
11344
11164
11365
11259
11117
11401
11167
11050
11074
11249
10983
10950
11021
11047
11207
11034
11117
11166
10861
11147
10907
10956
10850
11042
10957
10867
10746
10764
10838
10908
10618
10944
10860
10720
10739
10992
10656
10723
10706
10635
10742
10480
10644
10674
10614
10783
10448
10570
10575
10414
10547
10652
10544
10380
10435
10363
10388
10558
10313
10279
10338
10384
10267
10341
10332
10166
10260
10235
10115
10162
10249
10127
10210
10242
10162
10093
10041
10013
10085
10146
9913
10014
9892
9833
9859
9998
9921
9893
10006
9793
9701
9933
9724
9673
9830
9661
9843
9615
9955
9516
9614
9845
9687
9578
9607
9615
9485
9421
9528
9591
9539
9702
9724
9464
9460
9491
9309
9518
9377
9269
9394
9506
9285
9502
9234
9353
9421
9253
9283
9353
9402
9138
9036
9109
9097
9106
9259
9148
9234
9112
9099
8911
9116
9154
9005
9199
9176
9082
9148
8965
8821
8965
8783
9185
8814
8893
8863
9000
8730
8768
8698
8787
8590
8688
8748
8787
8765
8793
8592
8668
8695
8726
8659
8496
8526
8587
8549
8610
8540
8585
8736
8643
8442
8504
8549
8476
8331
8540
8487
8454
8354
8302
8293
8315
8309
8339
8169
8405
8245
8325
8413
8341
8239
8208
8234
8300
8322
8213
8270
7939
8022
8112
8167
8178
8048
8186
8113
8061
8170
8018
8056
7945
8008
7981
7911
7819
7891
7870
7822
7893
7861
7731
7733
7881
7736
7693
7723
7833
7649
7786
7734
7719
7627
7525
7684
7713
7578
7600
7667
7593
7608
7553
7684
7626
7625
7503
7517
7762
7556
7463
7531
7610
7474
7398
7378
7276
7491
7420
7515
7319
7217
7391
7294
7267
7192
7427
7303
7267
7271
7280
6987
7173
7189
7323
7139
7232
7163
6929
7199
7256
7041
7172
6965
7074
7161
7068
7029
6958
7059
6917
7029
7008
7037
6970
6913
6985
7022
6930
6740
6958
6834
6817
6928
6926
6968
6738
6751
6809
6858
6820
6797
6887
6752
6818
6731
6582
6787
6622
6639
6559
6661
6629
6801
6551
6734
6590
6480
6526
6612
6524
6662
6520
6515
6655
6603
6673
6660
6487
6524
6423
6372
6385
6506
6450
6417
6250
6304
6444
6427
6254
6382
6327
6314
6181
6225
6272
6270
6419
6383
6388
6229
6278
6210
6177
6206
6146
6120
6256
6095
6176
6239
6162
6152
6139
6170
6110
6012
5984
6022
6090
6053
5914
6068
5981
5829
5892
5967
6025
5905
5908
5723
6000
5904
5855
5902
5823
5783
5787
6042
5885
5717
5821
5867
5762
5752
5706
5865
5899
5768
5633
5849
5546
5559
5584
5643
5678
5680
5690
5658
5698
5614
5674
5744
5508
5596
5577
5704
5585
5577
5590
5492
5639
5500
5505
5501
5472
5484
5438
5377
5420
5455
5532
5461
5294
5374
5458
5504
5287
5278
5482
5370
5309
5278
5287
5264
5295
5416
5269
5231
5159
5171
5261
5239
5193
5187
5138
5079
5196
5087
5235
5027
5199
5155
5101
5139
5182
5140
5199
5090
5069
5160
5033
5024
5073
4954
5150
5059
5009
5025
5058
4929
5042
5014
4890
5116
4981
4863
5001
5006
4836
4895
4953
4861
4892
4964
4892
4819
4766
4780
4912
4765
4715
4817
4795
4751
4763
4791
4701
4801
4698
4746
4656
4791
4620
4695
4831
4664
4767
4729
4726
4606
4672
4580
4609
4590
4591
4739
4512
4653
4622
4495
4626
4699
4593
4520
4436
4415
4608
4466
4461
4485
4427
4433
4345
4486
4438
4490
4474
4523
4402
4369
4420
4341
4286
4478
4409
4373
4317
4296
4392
4363
4229
4392
4335
4167
4248
4299
4174
4224
4164
4180
4198
4276
4234
4210
4153
4168
4328
4181
4086
4183
4167
4178
4110
4125
4067
4126
4170
4107
4041
4111
4050
4120
4018
4227
4201
4056
4013
3955
4051
4015
3987
4011
3931
4022
4022
4009
3882
4058
3917
3988
3995
3958
3930
3926
3907
3949
3935
3884
3936
3908
3904
3916
3873
3853
3823
3776
3826
3846
3939
3818
3895
3790
3699
3797
3919
3822
3729
3728
3769
3787
3921
3749
3696
3746
3742
3738
3693
3524
3658
3739
3652
3710
3660
3643
3777
3523
3683
3709
3560
3723
3569
3644
3550
3550
3568
3628
3638
3503
3599
3498
3555
3520
3493
3536
3551
3410
3505
3439
3481
3422
3493
3357
3418
3552
3422
3503
3415
3490
3442
3330
3385
3369
3328
3382
3443
3396
3443
3386
3372
3291
3353
3304
3304
3462
3381
3360
3358
3333
3394
3158
3227
3316
3349
3284
3298
3220
3249
3164
3207
3124
3193
3217
3229
3278
3255
3213
3181
3234
3182
3183
3119
3210
3142
3113
3126
3197
3073
3240
3180
3047
3144
3100
3041
3069
3107
3096
3044
3059
3070
3082
3102
3074
3051
3103
3052
3106
3064
2992
3035
2989
2946
3049
2997
3038
2990
2994
2998
2950
2910
2973
3001
2900
2890
2933
2911
2906
2816
2872
2915
2890
2917
2815
2856
2946
2871
2881
2829
2884
2849
2892
2841
2930
2887
2699
2789
2906
2860
2842
2881
2862
2772
2850
2762
2775
2910
2835
2807
2723
2769
2738
2720
2719
2709
2666
2619
2734
2681
2732
2759
2705
2806
2752
2640
2667
2791
2601
2698
2638
2651
2642
2584
2606
2524
2532
2609
2585
2528
2655
2657
2682
2538
2576
2547
2538
2642
2556
2556
2481
2622
2566
2567
2539
2524
2481
2553
2450
2552
2523
2488
2574
2588
2493
2455
2568
2477
2477
2480
2478
2499
2474
2427
2488
2387
2375
2515
2521
2416
2382
2419
2431
2361
2402
2389
2323
2391
2393
2422
2422
2405
2376
2331
2392
2326
2326
2423
2288
2333
2333
2290
2384
2298
2345
2347
2322
2300
2348
2318
2334
2352
2237
2270
2209
2283
2252
2201
2220
2234
2204
2179
2265
2250
2145
2148
2261
2257
2301
2201
2240
2246
2140
2201
2267
2199
2124
2171
2215
2218
2146
2061
2080
2114
2109
2174
2082
2242
2152
2064
2068
2151
2107
2081
2057
2057
2104
2067
2069
2065
2138
2081
2140
1997
2074
2116
2013
1959
2107
2043
1985
2028
1980
2024
2007
2056
2016
2026
2006
1997
2029
2063
1981
1990
2013
1898
1950
1982
1958
1974
1989
1957
1977
1994
1934
2007
1834
1939
1962
1900
1891
1872
1917
1914
1938
1932
1865
1930
1922
1903
1943
1912
1817
1866
1806
1871
1867
1799
1913
1818
1853
1944
1832
1802
1825
1775
1887
1839
1801
1809
1796
1851
1805
1716
1788
1845
1772
1805
1878
1750
1760
1827
1690
1800
1798
1765
1732
1834
1716
1736
1753
1722
1727
1780
1785
1770
1709
1712
1691
1706
1702
1682
1775
1757
1671
1646
1713
1717
1736
1716
1685
1681
1742
1695
1645
1712
1604
1648
1597
1665
1616
1646
1635
1623
1570
1678
1617
1566
1678
1615
1617
1542
1555
1656
1573
1602
1635
1610
1606
1574
1571
1550
1664
1620
1651
1605
1505
1598
1524
1544
1533
1611
1492
1464
1550
1582
1590
1569
1584
1526
1473
1504
1488
1492
1455
1501
1506
1512
1470
1488
1484
1520
1489
1512
1460
1482
1448
1461
1513
1519
1553
1503
1473
1438
1415
1447
1461
1462
1471
1485
1424
1428
1383
1433
1422
1374
1370
1416
1405
1429
1417
1412
1437
1432
1399
1433
1358
1349
1390
1394
1374
1403
1400
1329
1341
1358
1382
1416
1374
1376
1347
1361
1343
1297
1292
1322
1369
1372
1302
1333
1353
1342
1334
1296
1306
1332
1311
1328
1282
1307
1304
1287
1282
1311
1309
1285
1275
1294
1235
1249
1246
1322
1301
1302
1213
1241
1172
1234
1284
1290
1283
1255
1226
1270
1263
1262
1178
1249
1251
1228
1204
1247
1212
1201
1161
1222
1220
1214
1277
1255
1140
1179
1206
1260
1211
1162
1213
1174
1222
1123
1201
1199
1205
1261
1181
1168
1144
1196
1197
1160
1217
1211
1125
1169
1121
1150
1155
1131
1155
1208
1147
1101
1091
1151
1144
1115
1143
1123
1125
1133
1123
1112
1096
1121
1068
1099
1112
1065
1094
1020
1105
1086
1095
1143
1101
1031
1127
1074
1116
1058
1084
1058
1058
1081
1010
1088
1018
1018
1067
1043
1064
996
1034
1038
1006
1019
1048
1013
1082
1041
1029
1009
1045
1003
1008
1053
1044
1039
994
987
1031
990
1064
926
979
984
1028
1051
1078
1023
965
993
954
928
987
963
938
990
949
974
914
968
969
1001
968
972
995
1013
978
996
966
963
928
976
919
973
917
940
1002
937
937
889
918
977
932
945
914
928
933
893
871
929
944
941
943
859
948
912
901
892
884
926
962
885
832
899
841
884
896
880
815
871
806
924
859
885
845
829
852
872
851
860
885
825
837
808
806
849
844
891
803
814
803
798
855
828
848
836
804
817
804
887
860
773
811
782
807
808
776
800
851
831
771
812
822
853
802
790
812
765
782
759
783
780
804
811
748
792
767
778
753
748
782
776
789
727
745
691
757
759
748
724
780
736
700
768
770
772
778
737
708
797
744
750
733
765
692
747
758
749
720
728
708
744
766
751
763
669
740
760
736
683
717
701
771
695
742
687
707
682
651
654
730
675
716
722
719
721
681
696
686
695
689
672
698
664
686
671
710
647
700
646
653
700
715
635
633
667
674
641
652
700
619
674
642
634
665
661
673
621
632
648
651
628
611
625
619
630
622
627
635
642
682
613
623
602
581
596
640
581
624
604
581
617
585
633
629
611
601
607
599
609
593
607
578
621
582
581
609
570
587
620
571
629
609
579
606
544
590
585
571
535
583
580
552
575
546
629
591
594
552
540
561
573
597
557
583
576
529
570
518
581
559
574
548
573
573
547
563
548
550
557
556
558
553
539
546
552
565
509
503
485
542
532
492
511
517
531
541
531
563
531
544
575
542
545
555
553
527
524
475
494
501
536
507
447
512
480
521
540
524
506
477
475
520
515
491
479
487
493
487
505
454
486
461
492
503
520
490
482
464
459
465
477
453
510
486
451
490
487
467
461
425
511
483
478
473
492
436
478
483
494
471
472
461
473
469
473
464
398
450
435
459
463
422
438
454
470
430
462
501
474
437
418
452
390
458
453
449
485
417
394
395
383
443
418
455
412
433
460
421
411
423
435
406
466
487
399
415
410
419
425
374
429
432
408
416
377
398
445
384
417
437
459
407
414
379
387
432
394
397
411
375
404
393
408
380
365
419
407
379
396
369
412
392
368
396
376
366
387
391
386
365
379
408
396
375
385
371
372
389
400
356
382
374
357
367
388
365
377
351
401
369
379
377
365
385
363
371
333
346
368
336
386
321
369
347
346
367
351
356
353
323
328
365
320
334
392
309
363
341
364
314
335
337
345
344
368
359
337
344
314
340
359
311
306
335
329
349
322
309
326
345
318
288
340
318
324
340
337
348
331
289
318
333
320
318
358
306
325
278
327
302
346
308
273
317
328
279
299
312
361
325
333
298
300
332
298
289
320
290
297
301
300
293
345
310
305
301
288
294
322
298
308
301
284
309
282
303
279
273
325
309
265
276
280
302
285
308
309
304
313
304
285
291
287
296
286
273
269
286
277
271
273
271
251
294
285
268
264
291
273
254
258
270
259
280
290
276
261
266
284
240
275
286
262
246
274
277
273
267
276
264
269
262
249
289
257
237
230
302
271
263
265
230
235
244
250
277
260
252
260
247
237
234
248
235
236
235
256
256
247
247
266
227
257
226
237
243
249
233
232
243
251
242
253
295
236
232
239
233
264
232
234
223
224
199
234
219
236
223
224
241
232
230
223
228
226
245
248
226
224
213
218
210
228
206
206
210
222
212
213
214
262
192
243
207
228
254
242
206
242
225
193
212
231
209
205
232
205
207
195
170
195
214
206
207
216
183
204
221
205
209
196
210
213
201
181
193
208
193
204
199
215
206
188
214
208
215
191
187
194
179
213
208
201
220
171
222
193
206
200
209
188
189
205
193
186
210
195
213
197
188
191
193
174
175
217
189
203
185
174
193
201
180
203
189
194
173
197
196
178
199
179
176
164
162
184
186
205
187
171
174
187
177
174
169
167
184
192
163
193
187
181
167
170
148
176
174
156
191
165
158
150
156
170
152
185
190
189
153
168
161
157
153
148
145
193
150
163
154
182
156
177
163
153
161
169
140
154
168
168
155
140
167
156
161
186
163
162
162
156
163
167
166
169
159
144
168
135
166
174
146
156
140
164
145
166
151
170
169
163
166
178
140
142
135
143
148
170
171
144
158
150
143
179
160
165
149
156
130
148
147
126
164
139
142
134
146
153
146
145
129
155
136
156
150
152
156
141
145
130
140
135
153
142
116
153
155
134
150
141
151
137
151
132
134
122
128
129
141
121
134
134
149
120
137
142
116
147
121
137
138
146
125
113
126
136
119
135
129
138
118
120
109
141
110
106
118
125
124
105
122
140
126
120
118
123
112
130
113
113
119
128
123
120
117
117
109
110
119
109
102
94
109
112
134
117
115
117
111
99
102
113
114
127
104
131
108
114
120
100
118
116
108
100
102
109
109
99
111
100
115
117
116
111
110
122
107
107
99
128
113
105
112
115
93
111
117
98
108
110
107
107
118
105
113
94
104
118
99
103
97
100
119
99
95
104
121
91
83
85
94
99
90
103
104
85
94
93
101
84
93
107
114
121
115
103
113
88
90
99
105
96
76
110
89
89
94
83
107
97
102
101
103
89
95
88
91
85
96
93
79
98
79
106
103
83
84
78
111
87
87
87
86
106
95
84
82
89
87
88
80
98
87
79
97
87
88
79
76
110
94
75
87
80
92
85
73
85
75
93
96
80
79
83
73
73
66
81
94
65
73
71
85
84
74
91
96
75
78
87
88
78
70
77
75
70
85
67
84
67
87
81
80
82
68
77
91
67
78
69
79
78
82
71
66
91
66
58
89
71
74
72
59
69
68
62
82
84
77
91
77
71
79
73
65
77
68
68
77
72
65
66
61
77
66
70
77
73
57
79
77
67
60
74
79
76
59
84
80
64
71
71
72
58
62
72
64
75
61
64
57
70
57
64
59
63
86
60
70
62
68
76
84
69
81
65
75
62
53
71
67
68
61
66
64
56
86
60
62
55
66
71
66
69
60
78
51
62
55
54
55
65
60
54
59
62
64
63
45
58
47
55
55
64
51
61
67
65
46
36
77
60
50
60
67
60
60
69
51
60
62
60
70
64
68
55
62
53
54
68
58
55
58
68
60
49
52
52
57
60
60
51
64
58
48
65
44
69
59
62
58
50
46
52
58
51
58
57
45
45
55
48
57
59
51
60
50
64
72
57
60
55
53
61
49
42
41
55
55
41
52
50
46
60
54
53
55
55
50
55
46
47
41
51
47
45
46
48
50
34
54
47
52
37
53
46
45
44
44
40
46
47
43
49
52
43
47
32
35
38
49
41
41
45
53
48
37
53
43
40
44
38
39
43
33
40
49
55
53
40
43
45
36
38
41
39
50
45
30
42
30
34
59
60
43
41
43
53
37
40
50
41
34
42
47
38
37
47
43
49
53
25
27
43
40
40
32
40
43
37
35
28
31
36
45
48
37
32
35
32
41
48
37
53
50
43
40
39
34
29
38
38
37
32
38
46
39
38
35
40
47
32
47
31
41
30
30
46
29
38
26
21
28
35
45
31
27
38
46
34
26
27
41
30
31
42
30
38
38
33
32
31
38
39
35
34
34
45
29
31
40
45
29
28
29
42
36
38
35
43
38
32
31
39
21
31
41
44
33
41
43
30
37
26
44
39
28
34
36
47
34
33
32
25
24
27
25
41
36
32
24
26
35
23
37
41
28
39
38
28
34
27
32
33
29
30
30
24
25
36
31
30
29
34
27
28
26
32
29
39
29
28
29
35
36
20
28
27
28
27
31
32
28
18
21
31
31
29
31
22
27
35
27
31
26
27
22
33
31
36
28
27
19
22
34
29
13
36
32
33
29
18
35
23
34
31
14
22
17
27
31
25
26
17
29
17
22
23
21
25
22
21
17
22
25
36
25
23
25
18
32
24
25
16
18
25
30
33
27
21
25
16
23
15
26
21
36
24
27
17
27
23
22
26
21
23
26
26
25
20
23
22
16
19
14
20
24
33
28
20
31
28
21
21
18
21
26
24
17
29
21
19
19
23
17
20
22
27
23
18
28
20
23
26
27
22
31
15
19
18
25
24
22
18
20
25
24
22
17
29
22
22
23
20
24
27
22
21
17
14
21
16
20
18
21
22
22
21
17
23
25
24
21
22
25
17
18
17
15
18
15
27
17
19
18
21
14
16
17
18
20
25
24
29
21
20
23
19
22
20
12
22
21
25
13
7
11
16
15
26
12
18
11
10
12
21
20
20
15
19
20
17
20
19
12
19
19
17
21
7
15
20
20
16
20
11
12
22
17
16
14
22
10
11
18
19
15
21
17
12
21
15
12
11
13
17
19
10
15
17
17
15
14
21
6
13
14
19
18
16
22
17
15
22
14
10
16
20
17
15
11
22
16
12
15
13
13
10
11
10
15
27
13
8
15
12
16
12
13
12
6
15
17
19
19
13
16
18
13
18
12
14
17
10
10
11
15
15
8
15
22
9
9
19
19
10
9
14
14
15
18
11
11
11
8
21
11
13
11
15
13
17
12
15
12
13
14
14
19
9
17
12
11
17
23
10
8
10
15
12
14
18
13
9
9
10
12
12
8
21
10
11
11
13
16
14
11
13
11
13
10
10
14
9
13
11
11
11
5
14
19
16
11
9
14
8
10
13
12
13
13
8
13
8
12
9
9
17
18
10
2
12
16
8
10
13
8
8
7
7
10
10
10
9
17
9
9
13
6
11
11
7
11
6
9
6
15
7
8
13
13
9
10
6
9
14
14
6
6
9
11
11
12
5
12
17
8
6
10
8
9
7
8
6
8
9
3
7
17
7
15
11
7
11
16
7
7
9
12
10
5
8
10
14
10
12
5
10
7
10
10
6
6
7
5
13
11
15
7
9
11
5
6
3
9
10
11
8
9
12
6
11
10
5
6
10
13
8
9
7
8
5
17
14
4
7
8
14
11
9
8
6
11
11
8
6
10
6
10
6
9
8
4
5
4
7
9
9
15
14
6
7
13
7
10
5
6
8
3
9
14
5
11
11
8
10
4
2
7
8
7
12
11
7
5
13
8
3
7
10
6
9
5
5
8
8
2
10
6
5
6
4
8
14
9
7
4
1
1
8
6
8
2
7
7
10
11
7
7
10
9
5
10
7
4
9
5
5
11
11
4
5
5
7
4
5
9
5
10
8
10
4
4
5
4
11
9
10
9
10
10
5
9
9
12
7
4
13
7
9
7
4
6
6
4
5
6
8
7
12
3
3
5
6
4
5
10
10
8
5
5
3
4
2
6
10
10
2
3
7
2
4
7
8
5
2
4
2
7
7
6
6
7
9
5
9
4
5
5
4
6
6
9
6
6
9
6
4
4
4
6
5
4
5
7
9
3
7
5
4
9
9
5
4
3
1
1
8
6
11
4
7
2
8
3
10
6
5
7
4
3
4
6
6
4
6
3
2
3
3
6
11
4
3
9
7
3
8
4
3
4
3
4
4
3
5
3
5
4
6
5
4
4
4
0
3
7
7
2
4
6
5
3
3
6
6
4
4
4
4
3
2
5
4
5
6
3
6
6
6
3
4
5
7
3
1
8
4
5
8
3
2
2
8
2
5
3
4
5
2
7
4
4
0
3
5
9
2
1
3
5
4
3
5
4
5
5
3
4
4
3
3
6
2
2
2
5
3
3
3
3
4
3
4
3
4
3
1
3
4
3
7
2
8
8
2
6
4
7
10
3
7
1
7
6
5
4
3
2
5
4
1
2
6
8
6
5
2
5
2
3
3
4
4
4
4
2
2
7
3
2
5
5
0
2
1
6
2
2
1
10
2
1
1
1
3
4
0
6
3
4
4
5
0
3
8
2
2
3
4
2
2
3
5
4
1
5
3
4
5
7
2
4
1
4
3
1
6
5
2
4
2
5
2
2
0
7
6
4
4
5
1
3
4
1
3
1
4
4
0
1
6
0
2
3
5
0
2
8
4
2
2
6
3
1
4
2
2
5
2
1
2
2
2
3
3
3
1
2
4
4
1
0
5
4
3
2
2
1
0
3
2
0
2
3
3
2
1
4
5
1
1
1
5
2
3
2
2
2
3
4
3
2
3
1
2
4
3
2
1
0
4
3
3
3
3
4
3
2
1
1
3
2
3
3
4
0
1
2
4
1
2
0
0
2
4
3
3
3
2
2
2
0
5
2
2
1
1
3
3
2
0
1
1
0
3
1
2
9
3
3
5
1
2
1
0
2
0
2
1
3
2
1
1
2
1
4
3
3
3
1
2
1
1
1
0
4
0
1
2
0
4
2
1
1
1
2
3
4
1
1
2
1
2
1
5
4
1
3
4
2
1
0
4
1
3
2
1
3
0
4
3
2
1
2
1
3
1
3
3
1
1
2
0
4
2
2
2
4
2
0
5
1
0
1
1
0
2
1
1
4
1
2
2
3
2
1
2
2
2
3
2
4
3
0
0
1
0
0
1
1
2
2
2
1
1
2
1
2
1
0
3
1
0
2
3
1
0
1
2
1
1
1
0
2
1
3
2
1
1
0
0
1
1
0
4
2
0
1
1
1
0
0
2
4
1
3
0
0
2
2
0
1
5
1
2
2
1
0
1
1
2
1
1
2
3
4
1
0
1
1
1
1
0
1
2
2
4
0
2
0
2
2
0
4
0
1
3
2
0
2
0
1
1
2
4
0
3
1
4
1
1
1
3
2
2
2
2
2
0
1
4
1
1
0
0
0
3
2
1
0
0
1
1
1
2
0
0
1
0
1
2
0
1
0
0
0
2
2
0
0
1
3
2
0
1
4
1
0
1
0
0
0
0
1
3
0
1
1
1
2
1
3
0
1
0
4
0
1
1
1
0
0
0
0
2
0
0
3
0
0
3
4
4
1
1
1
1
1
2
2
1
0
0
0
0
0
1
2
1
0
0
0
0
0
4
2
1
2
0
0
1
0
0
0
0
1
0
2
1
0
2
1
2
1
2
3
0
0
1
0
2
3
1
0
0
2
1
1
1
0
1
2
0
1
0
1
1
0
1
0
1
1
2
1
3
0
1
0
1
1
0
0
0
0
0
1
0
3
1
0
0
2
0
0
1
1
0
0
1
1
1
1
2
2
0
1
2
0
1
0
0
1
0
0
2
0
0
1
0
1
1
0
3
2
1
1
1
0
0
0
1
1
0
2
0
1
2
0
0
1
1
0
0
1
2
1
2
0
0
0
1
0
1
0
2
1
0
0
0
0
0
3
1
1
1
0
2
3
0
1
0
1
2
0
0
0
1
3
0
0
1
0
1
2
0
0
2
2
1
2
0
0
1
0
1
1
0
1
2
0
0
1
0
0
1
0
0
1
0
0
1
0
0
0
0
1
1
1
1
0
2
2
1
0
0
1
1
0
4
0
2
1
0
0
0
1
0
0
2
1
0
0
1
3
0
0
0
0
0
0
0
1
1
0
0
0
0
0
1
0
0
0
0
1
2
1
1
1
1
1
0
0
0
0
1
0
1
0
2
0
1
0
0
2
0
0
0
0
1
0
0
0
1
0
0
0
0
1
0
0
0
0
0
0
0
1
1
0
1
0
1
0
1
1
0
1
0
1
0
1
0
0
1
1
0
0
0
2
0
0
0
0
1
0
0
2
0
0
0
0
0
0
0
0
0
1
0
0
2
1
0
0
0
0
0
0
0
0
1
1
1
1
3
1
1
1
0
0
0
0
1
0
0
0
0
0
0
0
1
0
0
0
0
0
0
1
0
0
1
0
1
0
1
0
0
2
0
2
1
0
1
1
0
0
1
1
0
1
0
0
0
1
0
0
0
2
1
1
1
0
1
0
2
0
0
0
2
0
0
0
0
1
0
0
1
0
0
1
0
0
1
0
0
0
0
0
0
0
2
2
0
0
0
0
2
0
0
0
0
0
1
0
1
0
0
1
0
0
0
1
0
0
0
0
0
0
0
1
0
0
1
0
0
0
0
0
0
0
0
0
0
0
1
0
0
1
0
0
0
0
0
0
0
0
1
1
0
0
1
0
0
0
1
0
0
0
1
0
0
0
0
2
1
0
0
1
0
1
0
0
0
0
0
0
0
0
0
0
0
1
0
0
1
0
0
0
0
1
1
0
0
1
0
0
0
0
0
0
1
1
0
0
1
0
0
0
0
0
0
0
0
0
0
0
0
0
0
0
0
0
0
0
0
1
1
0
0
0
0
0
1
0
0
0
0
0
1
0
1
1
0
1
0
0
0
0
0
0
0
0
1
0
0
0
0
0
0
1
1
0
0
0
0
0
0
1
0
0
0
0
0
0
0
2
0
0
1
0
1
0
0
0
0
1
0
0
0
0
0
0
0
0
0
0
0
0
0
0
0
0
1
1
0
0
0
0
0
0
0
0
0
1
0
0
0
0
0
0
0
0
3
0
0
0
0
0
1
0
0
0
0
0
1
0
0
0
0
0
0
0
0
0
0
0
0
1
0
3
0
1
0
0
0
0
0
0
0
0
1
0
0
1
0
0
1
0
1
0
0
0
1
0
0
1
0
1
0
0
0
0
1
0
1
0
0
0
1
0
0
0
0
0
0
0
0
0
0
0
1
0
0
0
0
1
0
0
0
0
0
1
1
0
0
0
0
0
0
2
1
0
0
0
1
0
0
0
0
0
0
0
0
0
0
0
0
1
0
0
0
0
0
0
0
0
0
0
0
0
0
0
0
0
0
0
0
0
0
0
0
0
0
1
0
0
0
0
0
1
0
0
0
0
0
0
0
0
0
0
0
0
0
0
0
0
0
0
0
0
0
0
1
0
1
0
0
0
0
1
0
0
0
0
0
0
0
0
0
0
1
0
0
0
0
0
0
0
2
0
0
0
0
1
0
0
0
1
0
0
0
0
0
0
0
0
0
0
0
0
0
0
0
0
1
0
0
0
0
0
0
0
0
0
0
0
0
0
0
0
0
0
0
0
0
0
0
0
0
1
0
0
0
0
0
1
0
0
0
0
0
0
0
0
0
0
0
0
0
0
0
0
0
0
0
0
0
1
0
0
0
0
1
0
0
0
0
1
0
0
0
0
0
0
0
0
1
0
0
0
0
0
0
0
0
0
0
0
0
0
0
0
0
0
0
0
0
1
0
0
0
0
0
0
0
0
0
0
0
0
1
0
0
0
0
0
0
0
0
0
0
0
0
0
0
0
0
0
0
0
0
0
0
0
0
0
1
0
0
0
0
0
0
1
0
0
0
0
0
0
0
0
0
0
0
0
0
0
0
0
0
0
0
0
0
0
0
0
0
0
0
0
0
0
1
1
0
0
0
0
0
0
0
0
0
1
0
0
0
0
0
0
0
0
0
0
0
0
1
0
0
1
0
0
0
0
0
0
0
0
0
0
0
0
0
0
0
1
0
0
0
0
0
0
0
2
0
1
0
0
0
0
0
0
0
0
1
0
0
0
0
0
0
0
0
0
0
0
0
0
0
0
0
0
0
0
0
0
0
0
0
0
0
0
0
0
0
1
1
1
0
0
1
0
0
0
0
0
0
0
0
1
0
0
0
0
0
0
0
0
0
0
0
1
0
0
0
0
0
0
0
0
0
0
0
0
0
0
0
0
1
0
0
0
0
0
0
0
0
0
0
0
1
0
0
0
0
0
1
0
1
0
0
0
0
0
0
0
0
0
0
0
0
0
0
0
0
0
0
0
0
0
0
0
0
0
0
0
0
0
0
0
0
0
0
0
0
0
0
0
0
0
0
0
0
0
0
0
0
0
0
0
0
0
0
0
1
0
0
0
0
0
0
0
0
0
0
0
0
0
0
0
0
0
0
0
0
0
0
0
0
1
0
0
0
0
0
0
0
0
0
0
0
0
0
0
0
0
0
0
0
0
0
0
0
0
0
0
0
0
0
0
0
0
0
0
0
0
0
0
0
0
0
0
0
0
0
0
0
0
0
0
0
0
0
0
0
1
0
0
0
0
0
0
0
0
0
0
0
0
0
0
0
0
0
0
0
0
0
0
0
0
0
0
0
0
0
0
0
0
0
0
0
0
0
0
0
0
0
1
0
0
0
0
0
0
0
0
0
0
0
0
0
0
0
0
0
0
0
0
0
1
0
0
0
0
0
0
0
0
0
0
0
1
0
0
0
0
1
0
0
0
0
0
0
0
0
0
0
0
0
0
0
0
0
0
0
0
0
0
0
0
0
0
0
0
0
0
0
0
0
0
0
0
0
1
0
0
0
0
0
0
0
0
0
0
0
0
0
0
0
0
0
0
0
0
0
0
0
0
0
0
0
0
0
0
0
0
0
0
0
0
0
0
0
0
0
1
0
0
0
0
0
0
0
0
0
0
0
0
0
0
0
0
0
0
0
0
1
0
0
0
0
0
0
0
0
0
0
0
0
0
0
0
0
0
0
0
0
0
0
0
0
0
0
0
0
0
0
0
0
0
0
0
0
0
0
0
0
0
0
0
0
0
0
0
0
0
0
0
0
0
0
0
0
0
0
0
0
0
0
0
0
0
0
0
0
0
0
0
0
0
0
0
0
0
0
0
0
0
0
0
0
0
0
0
0
0
0
0
0
0
0
0
0
0
0
0
0
0
0
0
0
0
0
0
0
0
0
0
0
0
0
0
0
0
1
0
0
0
0
0
0
0
0
0
0
0
0
0
0
0
0
0
0
0
0
0
0
0
0
0
0
0
0
0
0
0
0
0
0
0
0
0
0
0
0
0
0
0
0
0
1
0
0
0
0
1
0
0
0
0
0
0
0
0
0
0
0
0
1
0
0
0
0
0
0
0
0
0
0
0
0
0
0
0
0
0
0
0
0
0
0
0
0
0
0
0
1
0
0
0
0
0
0
0
0
0
0
0
0
0
0
0
0
0
0
0
0
0
0
0
0
0
0
0
0
0
0
0
0
0
0
0
0
0
0
0
0
0
0
0
0
0
0
0
0
0
0
0
0
0
0
0
0
0
0
0
0
0
0
0
0
0
0
0
0
0
0
0
0
0
0
0
0
0
0
0
0
0
0
0
0
0
0
0
0
0
0
0
0
0
0
0
0
0
0
0
0
0
0
0
0
0
0
0
0
0
0
0
0
0
0
0
0
0
0
0
0
0
0
0
0
0
0
0
0
0
0
0
0
0
0
0
0
0
0
0
0
0
0
0
0
0
0
0
0
0
0
0
0
0
0
0
0
0
0
0
0
0
0
0
0
0
0
0
0
0
0
0
0
0
0
0
0
0
0
0
0
0
0
0
0
0
0
0
0
0
0
0
0
0
0
0
0
0
0
0
0
0
0
0
0
0
0
0
0
0
0
0
0
0
0
0
0
0
0
0
0
0
0
0
0
0
0
0
0
0
0
0
0
0
0
0
0
0
0
0
0
0
0
0
0
0
0
0
0
0
0
0
0
0
0
0
0
0
0
0
0
0
0
0
0
0
0
0
0
0
0
0
0
0
0
0
0
0
0
0
0
0
0
0
0
0
0
0
0
0
0
0
0
0
0
0
0
0
0
0
0
0
0
0
0
0
0
0
0
0
0
0
0
0
0
0
0
0
0
0
0
0
0
0
0
0
0
0
0
0
0
0
0
0
0
0
0
0
0
0
0
0
0
0
0
0
0
0
0
0
