492
492
492
492
492
492
492
492
492
492
492
492
492
492
492
492
492
492
492
492
492
492
492
492
492
492
492
492
492
492
492
492
492
492
491
491
491
491
491
491
496
496
496
496
496
496
496
496
496
496
496
496
496
496
496
496
503
503
503
501
500
500
500
499
499
498
497
496
496
496
496
496
496
496
496
496
504
504
504
504
504
504
504
504
504
504
504
504
504
504
504
504
517
517
517
517
517
517
517
517
517
517
517
517
517
517
517
517
525
525
525
525
525
525
525
525
525
525
525
525
525
525
525
525
537
537
537
537
537
534
533
533
533
534
534
534
534
534
534
534
538
538
538
538
538
538
538
538
538
538
538
538
538
538
538
538
544
544
544
544
544
544
544
544
544
544
544
544
544
544
544
544
544
544
544
558
558
558
558
558
558
558
558
558
558
558
558
558
558
558
558
563
563
563
563
563
563
563
563
563
563
563
563
563
563
563
563
568
568
568
568
568
568
568
568
568
568
568
568
568
568
568
568
568
568
568
582
582
580
579
579
578
578
578
578
578
578
578
578
578
578
578
585
585
586
585
586
584
584
585
584
585
585
585
584
584
584
584
584
584
584
595
595
595
595
596
599
601
599
599
599
599
598
598
598
598
598
601
601
601
601
601
601
601
601
601
601
601
601
601
601
601
602
602
603
612
614
613
613
609
609
608
608
606
608
607
607
607
607
607
607
607
607
607
614
613
614
613
613
612
612
612
612
612
612
612
612
612
612
612
612
612
622
622
623
620
622
622
622
621
621
621
621
621
621
621
621
621
624
624
624
627
631
631
631
631
631
631
631
631
631
631
631
631
631
631
631
640
640
640
640
640
640
640
640
640
640
640
640
640
640
640
640
640
640
640
640
652
652
652
652
652
652
652
652
652
652
652
652
652
652
652
652
669
668
669
667
668
670
670
671
673
674
675
676
676
676
677
677
677
677
677
677
680
680
680
680
680
680
680
680
680
680
680
680
680
680
680
680
687
687
687
687
687
687
687
687
687
687
687
687
687
687
687
687
687
697
697
697
697
697
697
697
697
697
697
697
697
697
697
697
697
697
697
697
697
697
702
702
702
702
702
702
702
702
702
702
702
702
702
702
702
702
709
709
709
709
709
709
