492
492
492
492
492
492
492
492
492
492
492
492
492
492
492
492
492
492
492
492
491.984
491.984
491.984
491.952
491.952
491.935
491.935
491.919
491.855
491.742
491.419
491.032
490.903
490.71
490.613
490.435
489.903
489.339
488.871
488.097
487.097
486.194
485.161
484.113
482.016
479.613
477.048
475.629
474.21
473
470.581
466.161
457.758
448.565
442.258
438.806
432.548
431.21
428.903
428.484
428.903
427.581
427.177
426.968
427.242
427.774
427.145
427.016
426.839
426.823
426.339
426.323
425.839
425.79
425.758
425
425
424.903
424.984
425.113
425.21
425.226
425.274
425.258
425.242
425.258
425.242
425.194
425.323
425.742
426.661
416.371
404.21
398.774
377.016
333.242
295.887
260.5
247.903
222.032
186.258
167.145
137.129
124.194
119.081
113.226
114
110.5
106.629
107.919
103.468
106.194
94.2742
96.0484
91.5323
96.4839
92.2903
92.8065
87.4677
82.8065
86.4839
89.3226
92.7419
97.129
98.7581
103.387
109
109.984
116.145
119.79
125.952
131.661
136.097
137.339
138.081
143.919
150.903
153.032
156.694
158.452
166.79
170.661
177.403
179.903
187.065
191.032
195.484
203.435
213.645
218.839
224.742
229.016
232.597
236.839
240.79
248.855
258.113
259.548
265.065
275.677
284.726
287.145
290.339
292.661
301.935
308.919
315.194
324.032
328.839
334
340.065
342.177
350.774
355.565
364.194
375.548
382.581
388
393.742
402.258
409.032
411.823
417.081
423.161
428.113
431.21
439.839
442.887
448.565
450.161
455.532
461.258
463.113
474.29
476.742
478.145
490.548
496.806
502.726
503.984
507.387
515.516
517.516
522.258
530.903
537.823
538.758
544.677
547.242
554.516
555.871
558.548
562.306
570.323
571.032
571.645
576.5
580.565
586.419
590.177
593.161
596.871
598.581
603.758
609.629
612
614.419
616.403
621.194
624.226
626.935
628.613
633.839
635.597
637.984
639.516
642.161
645.145
654.484
659.871
661.968
666.71
668.79
670.097
671.694
672.694
675.097
675.21
675.613
676.145
680.274
684.677
685.419
685.839
688.935
691.919
697.032
702.71
704.306
707.048
707.339
708.468
710.645
711.581
712.532
714.548
716.984
720.194
722.839
724.984
728.532
731.694
732.306
732.452
733.21
734.403
735.081
736.452
739.113
742.452
743.468
745.5
748.161
749.435
749.5
750.032
750.758
752.613
753.177
753.387
753.806
755.306
758
759.952
764.581
766.113
769.371
772.065
772.597
772.984
774.145
778.161
778.984
781.758
784.758
786.532
788.565
789.452
790.242
791.984
792.565
794.081
794.71
795.71
795.968
798
798.403
800.113
801.677
803.452
805.742
806.323
807.968
809.935
810.677
811.403
812.613
814.694
814.742
817.855
818.677
819.597
819.839
819.419
820.645
821.952
823.597
825.177
828.435
829.161
829.597
830.016
831.774
833.016
833.855
836.29
838.758
841.242
842.661
843.226
845.016
846.694
847.048
847.79
849.323
850.661
851.065
851.71
853.323
854.565
856.387
857.806
859.952
860.758
862.581
862.871
863.645
864.661
865.661
866.661
867.177
867.887
868.339
869.79
870.129
872.177
873.419
874.29
875.387
875.823
876.161
878.661
879.081
879.194
879.081
879.226
879.79
880.177
880.694
881.21
882.677
883.419
884.032
884.419
886.806
887.032
887.935
889.726
890.726
891.5
891.806
892.081
892.565
893.371
893.694
894.21
895.774
896.403
897.032
897.855
897.79
897.984
898.452
898.871
899.21
899.516
900
901.435
902.145
902.774
902.919
903.71
903.839
904.548
904.839
905.484
905.565
905.758
905.984
906.29
906.613
908.226
909.145
909.613
910.097
912.097
912.387
912.645
914.226
914.355
915.435
915.452
915.71
917.161
917.403
918.387
918.839
919
918.823
919.21
919.613
920.29
920.371
920.452
921.839
921.935
922.097
922.581
922.645
923.21
923.29
923.468
924.194
924.516
924.516
924.968
925.032
925.194
925.435
925.532
926.065
926.21
926.097
926.548
926.677
926.984
927.597
927.694
927.742
928.484
928.565
929.129
929.177
929.274
929.887
929.871
930.694
930.806
931.032
931.129
931.387
931.387
931.903
931.903
931.968
933.113
933.161
933.952
934.048
