0
0
0
0
0
0
0
0
0
0
0
0
0
0
0
0
0
0
0
0
0
0
0
0
0
0
0
0
0
0
0
0
0
0
0
0
0
0
0
0
0
0
0
0
0
0
0
0
0
0
0
0
0
0
0
0
0
0
0
0
0
0
0
0
0
0
0
0
0
0
0
0
0
0
0
0
0
0
0
0
0
0
0
0
0
0
0
0
0
0
0
0
0
0
0
0
0
0
0
0
0
0
0
0
0
0
0
0
0
0
0
0
0
0
0
0
0
0
0
0
0
0
0
0
0
0
0
0
0
0
0
0
0
0
0
0
0
0
0
0
0
0
0
0
0
0
0
0
0
0
0
0
0
0
0
0
0
0
0
0
0
0
0
0
0
0
0
0
0
0
0
0
0
0
0
0
0
0
0
0
0
0
0
0
0
0
0
0
0
0
0
0
0
0
0
0
0
0
0
0
0
0
0
0
0
0
0
0
0
0
0
0
0
0
0
0
0
0
0
0
0
0
0
0
0
0
0
0
0
0
0
0
0
0
0
0
0
0
0
0
0
0
0
0
0
0
0
0
0
0
0
0
0
0
0
0
0
0
0
0
0
0
0
0
0
0
0
0
0
0
0
0
0
0
0
0
0
0
0
0
0
0
0
0
0
0
0
0
0
0
0
0
0
0
0
0
0
0
0
0
0
0
0
0
0
0
0
0
0
0
0
0
0
0
0
0
0
0
0
0
0
0
0
0
0
0
0
0
0
0
0
0
0
0
0
0
0
0
0
0
0
0
0
0
0
0
0
0
0
0
0
0
0
0
0
0
0
0
0
0
0
0
0
0
0
0
0
0
0
0
0
0
0
0
0
0
0
0
0
0
0
0
0
0
0
0
0
0
0
0
0
0
0
0
0
0
0
0
0
0
0
0
0
0
0
0
0
0
0
0
0
0
0
0
0
0
0
0
0
0
0
0
0
0
0
0
0
0
0
0
0
0
0
0
0
0
0
0
0
0
0
0
0
0
0
0
0
0
0
0
0
0
0
0
0
0
0
0
0
0
0
0
0
0
0
0
0
0
0
0
0
0
0
0
0
0
0
0
0
0
0
0
0
0
0
0
0
0
0
0
0
0
0
0
0
0
0
0
0
0
0
0
0
0
0
0
0
0
0
0
0
0
0
0
0
0
0
0
0
0
0
0
0
0
0
0
0
0
0
0
0
0
0
0
0
0
0
0
0
0
0
0
0
0
0
0
0
0
0
0
0
0
0
0
0
0
0
0
0
0
0
0
0
0
0
0
0
0
0
0
0
0
0
0
0
0
0
0
0
0
0
0
0
0
0
0
0
0
0
0
0
0
0
0
0
0
0
0
0
0
0
0
0
0
0
0
0
0
0
0
0
0
0
0
0
0
63
57
49
68
47
51
46
51
47
51
58
39
49
48
55
45
50
54
62
51
56
60
53
51
66
44
50
63
50
54
64
55
59
68
59
54
47
43
57
55
53
41
43
47
59
42
45
47
236
235
196
251
235
226
210
224
221
220
224
221
227
222
201
207
241
217
227
214
221
213
237
245
220
216
216
232
227
246
224
229
214
234
269
231
231
253
213
221
212
231
200
225
213
234
258
212
356
343
382
333
362
383
390
367
372
377
349
340
340
345
360
352
363
376
379
416
388
355
372
341
355
423
373
371
404
336
379
381
390
410
365
425
374
391
384
394
371
367
371
410
384
384
394
394
419
407
390
406
408
405
418
402
387
417
400
408
381
444
421
454
438
413
442
470
421
472
475
430
417
464
496
441
421
469
525
488
495
477
495
516
487
495
506
490
501
488
503
488
514
509
488
518
510
511
518
514
516
541
542
560
516
567
585
550
568
581
581
599
598
584
561
639
645
626
708
641
649
666
649
672
681
713
701
670
735
706
726
747
749
816
746
753
789
780
818
785
830
838
861
782
888
845
866
912
908
904
914
894
936
931
895
962
958
977
1006
993
1001
1039
974
1002
1071
1054
1063
1124
1096
1130
1132
1119
1202
1204
1198
1199
1240
1229
1232
1182
1231
1231
1217
1311
1222
1312
1334
1322
1354
1348
1401
1364
1406
1384
1462
1417
1565
1453
1519
1536
1507
1494
1468
1529
1528
1551
1528
1673
1681
1614
1606
1573
1663
1670
1661
1737
1786
1798
1753
1728
1834
1824
1811
1865
1807
1938
1835
1875
1875
1891
1930
1965
1968
2003
1988
2021
2070
2063
2067
2072
2071
2133
2067
2183
2216
2174
2286
2166
2164
2250
2205
2221
2325
2283
2320
2289
2360
2365
2350
2542
2467
2404
2477
2494
2461
2463
2548
2584
2574
2606
2638
2551
2642
2701
2735
2702
2736
2749
2697
2892
2773
2876
2810
2787
2831
2901
2898
2948
2912
2928
2920
2980
3076
3129
3044
3064
3166
3110
3152
3117
3183
3185
3228
3247
3279
3230
3299
3275
3246
3417
3227
3314
3368
3466
3457
3461
3532
3478
3521
3636
3652
3702
3706
3606
3803
3732
3680
3730
3790
3924
3862
4010
3873
3971
3892
3937
3992
3960
4008
4060
4047
4164
4129
4221
4227
4221
4152
4302
4245
4299
4268
4452
4212
4354
4283
4394
4355
4501
4538
4563
4673
4611
4671
4694
4787
4763
4740
4663
4851
4967
4836
4935
4865
4888
395483
5294
5371
5475
5399
5402
5470
5540
5491
5566
5616
5648
5875
5494
5673
5585
5693
5740
5872
5747
5877
5808
6037
5961
5947
5979
6003
6054
6016
6262
6151
6092
6162
6312
6379
6317
6359
6393
6342
6421
6459
6413
6497
6669
6581
6584
6483
6645
995278
8806
8628
8784
8613
8868
8803
8730
8879
8801
8983
9022
8944
8984
8986
9105
9123
9119
9006
9070
9031
9283
9020
9353
9321
9468
9260
9383
9346
9558
9381
9466
9603
9540
9597
9574
9487
9508
9368
9730
9729
9705
9610
9841
9820
9534
9754
9699
1289300
13457
13389
13469
13403
13522
13447
13507
13548
13454
13555
13540
13533
13519
13669
13627
13562
13762
13746
13845
13646
13750
13790
13658
13942
13722
13979
13918
13935
13960
13944
14061
14040
13991
14203
14110
13915
14120
14306
14027
14019
14228
14310
14321
14208
14406
14034
14278
1136040
18216
18321
18278
18311
18376
18430
18559
18440
18302
18477
18375
18653
18656
18636
18927
18767
18792
18723
18964
18571
18697
18896
18579
18719
18810
18923
19040
18994
18551
19086
19038
18946
18986
18956
19090
19300
19109
19125
19267
19049
19345
19370
19426
19566
19252
19204
19466
800528
23228
23084
23176
23009
22832
23015
23320
23102
23178
23160
23329
23263
23117
23489
23285
23362
23490
23531
23816
23550
23807
23280
23691
23989
23761
23763
23730
24030
23913
23865
24373
24118
23894
23981
24273
24208
24417
24325
23989
24592
24243
24078
24278
24532
24224
24578
24609
492626
27296
27307
26939
27511
27331
27243
27332
27272
27609
27261
27973
27625
27237
27701
27759
27616
27752
27659
27730
27971
27865
28262
27746
27981
28016
28311
28231
28365
28178
28172
28419
28183
28254
28545
28519
28373
28448
28716
28888
28623
28549
28742
29079
28719
29062
28957
28984
272166
30364
30695
30782
30542
30722
30738
30851
30619
30751
30827
30857
31029
31085
31371
31197
31025
31308
31157
31471
31165
31441
31406
31682
31735
31801
31858
31748
31734
31797
31535
32215
31864
31797
32235
31971
32000
32054
32292
32395
32120
32227
31959
32325
32413
32621
32615
32303
144769
33414
33339
33829
33969
33712
33645
33618
34007
33946
33756
33759
33720
33914
34188
34080
34157
34347
34394
34182
34114
34139
34522
34245
34480
34150
34460
34429
34777
34822
34888
34850
34475
34949
34989
35060
34577
34961
34829
34685
35116
35352
35200
35257
35200
35625
35554
35381
82241
35751
36105
35927
35751
35975
36126
35939
36279
36064
35863
36133
36396
36028
36276
36466
36394
36051
36535
36696
36793
36894
36528
36768
36796
36834
36958
36626
37174
37282
37300
37124
37196
37299
37110
37098
36916
37374
37242
37346
37435
37598
37430
37402
37151
38163
37769
37360
56371
38114
37558
37951
37973
37979
37985
38161
38337
38190
38277
38214
38684
38148
38892
38596
38413
38798
38746
38487
38752
38462
39084
38682
38808
39072
39217
38737
38938
39008
39024
39069
39120
39437
39095
39693
39426
39190
39362
39232
39326
39616
39439
39254
39499
39738
39545
39732
46340
39673
40275
39703
39821
39738
40080
40041
40045
40202
40558
40524
40079
40246
40510
40333
39996
40376
40405
40453
40339
40149
40563
40296
40306
40789
40559
40872
40558
40669
40690
40723
40679
40742
40818
41104
41196
40854
41382
41204
41086
41106
41164
41327
41249
41282
41299
41076
43552
41305
41379
41356
41517
41779
41731
41584
41419
41571
41752
41990
41214
41602
41915
41582
41945
41620
41732
41743
41702
41811
41996
41932
41917
42191
41845
42311
42299
41879
42624
42626
42185
42546
42433
42132
42475
42244
42652
42419
42860
42333
42926
42550
42763
42722
42877
42851
43255
42475
42551
42931
42674
42958
43504
43367
43069
42952
43269
43043
43176
43150
43203
43109
42949
43450
43592
43214
43105
43821
43492
43700
43783
43112
43604
43216
43315
43631
43560
43219
43600
43700
43698
43608
43769
44263
43751
44066
44099
43927
43935
44135
43853
43725
44232
43806
44143
44080
44190
43969
43924
44126
43945
44417
44085
43870
44696
44377
44169
44451
44366
44249
44251
44648
44313
44440
45025
44489
44907
44755
44848
45068
44707
44681
44656
44987
45283
44972
45330
44769
44823
44663
45233
45041
45013
44995
45327
44931
45389
45324
44980
45784
45326
45600
45377
45467
45420
45529
45673
45326
45369
45301
45603
45568
45799
45543
45577
45936
45950
45714
46008
45485
45789
45465
46143
45769
46111
45896
45997
45911
45901
46096
46214
46063
46241
46220
46450
45902
46287
46391
46656
46247
46909
46538
46358
46453
46513
46869
46379
46347
46681
47170
46495
46550
46922
46621
47004
46929
46571
46958
47048
46503
46797
46843
46707
46827
46611
46767
47012
46988
46872
47236
46608
47123
47244
47152
46978
47142
47422
47311
47188
47512
47205
47240
47163
47343
47224
47127
47385
47342
48065
47499
47598
47735
47424
47134
47064
47621
47483
47557
47883
47404
47467
47850
47699
47618
47633
47601
47870
47857
48072
48077
47779
48020
47617
48031
48010
47919
47952
47685
47588
48259
47850
48098
47695
47610
47997
48189
48060
48198
47837
47691
47987
48357
48288
48268
48174
47856
48161
47835
48184
48005
48208
48385
48397
48244
48069
48078
48256
48398
47907
48397
47733
48613
48281
48059
48494
48632
48240
48009
48578
48234
48188
48179
48177
48411
48542
48228
48059
48547
48650
48087
48239
48259
48275
47573
48013
48221
47965
48005
48434
48397
48177
48419
48453
48423
48348
48617
48047
48300
48357
48512
48416
48546
48307
48486
48320
48618
48567
48596
48213
48531
48459
48626
48532
48513
48339
48196
48458
48027
48321
48415
48291
48256
48742
48356
48455
48446
48345
48218
48523
48561
48583
48492
48739
48255
48667
48540
48708
48482
48452
48628
48506
48458
48123
49043
48454
48258
48326
48797
48600
48545
48701
48970
48683
48975
48911
48233
48422
48780
48253
48129
48387
48520
48257
48635
48504
48267
48134
48432
48717
49146
48276
48609
48876
48359
48483
48638
48722
49064
48321
48735
48647
48338
48509
48527
48758
48863
48425
48473
48884
48904
48594
48488
48925
48219
48808
48255
48394
48421
48738
48358
48624
48306
48397
48628
48479
48635
48467
48783
48236
48487
48682
48436
48462
48657
48574
48549
48292
48793
48710
48673
48550
48359
48339
48404
48620
48276
48135
48826
48458
48396
48730
48458
48646
48847
48657
48318
48324
48526
48211
48584
48346
48412
48688
48785
48381
47943
48504
48435
48422
48818
48275
48493
48185
48287
48628
48508
48254
48494
48756
48924
48827
48372
48041
48584
48041
48297
48329
48361
48391
48540
48121
48387
47995
48470
48214
48115
48288
48450
48454
48079
48423
48004
47910
48290
48355
48166
48172
48122
48295
48388
47897
48155
48460
47748
48318
48193
48072
47652
47848
47657
48320
48241
47719
48200
48184
48378
47961
48082
47883
48058
48279
47654
48097
47972
47518
48139
47741
47748
47878
48027
47904
48463
47624
47782
47508
47977
47755
48166
48087
47923
48360
47600
47741
47299
47505
47866
47792
48020
47729
47526
47571
47863
47629
47635
47941
47464
47852
47584
47210
47667
47805
47549
47549
47566
47591
47740
47498
47590
47623
48032
47512
47489
47185
47460
47203
47589
47629
47737
47325
47615
47532
47013
46754
47153
47437
47170
47461
47085
47329
47188
47759
47068
47180
47267
46898
47280
46927
46928
47044
47196
47081
47083
47157
47082
47327
46953
47138
47313
46957
47241
46879
46621
47307
47131
46752
46827
47071
46650
47126
46766
46996
47011
46545
46656
46597
46689
47208
46778
46511
46617
46531
46190
46732
46195
46667
46709
46491
46660
46549
46573
46655
46515
46461
46438
46523
46641
46281
46648
46185
46312
46472
46286
46761
46094
46724
46330
46181
45926
46172
45880
46116
45895
46283
46553
46029
45989
45984
46077
45714
46172
46266
45859
45797
46368
46191
45749
46306
46143
46303
46186
45597
46109
45718
45449
45545
45958
45476
45931
45275
45779
45962
45923
45767
45612
45567
45698
45457
45585
45639
45628
45757
45238
45618
45354
45247
45197
45523
45267
45369
45213
45446
45297
45490
45052
44944
45183
45208
45032
44921
45269
44834
45133
45245
44931
45372
44888
44606
44835
45197
45012
44834
44792
45042
44746
44840
44673
44693
45165
44695
44664
44565
44722
44333
44741
44291
44790
44620
44608
44348
44516
43830
44378
44514
44384
43988
44623
44571
44820
44571
44115
44140
44124
44537
44383
44105
44499
44170
43988
44155
43885
43664
44426
43825
44093
44271
43828
43826
44150
43637
43870
43831
44015
43758
43795
43922
43805
43699
44031
43744
43702
43398
43516
43654
43341
43430
43315
43401
43333
43705
43580
43274
43509
43370
43183
43569
43260
43500
43489
42944
43467
43449
43161
42933
42984
43190
43178
43092
43204
42735
43216
42960
42796
42823
43051
42590
43041
42791
42565
42683
43186
42831
42521
43060
42615
42860
42728
42993
42473
42736
42399
42504
42327
42431
42693
42242
42917
42652
42125
42654
42215
42547
42528
42113
42298
42422
42266
42087
41933
42131
41919
42416
42069
41966
42040
42387
42190
42124
42094
41922
42045
42084
41773
41881
41880
41828
41832
42412
41778
41695
41654
41392
42224
41419
41210
41296
41889
41236
41570
41342
41663
41622
41430
41467
41746
41295
41410
41279
41270
41289
41112
41359
41198
41290
40933
40871
41376
40877
40713
41297
41032
41041
40906
41015
41300
41139
41252
40618
40703
40699
40550
40931
40685
40855
40696
40232
40353
40817
40900
40426
40547
40676
40365
40243
40315
40450
40347
40254
40057
40213
40193
40280
39891
40294
39954
40113
40020
39950
40200
39827
40176
39873
39833
39953
39721
39774
39936
39906
39969
39733
39564
39417
40088
40034
39417
40164
39894
39823
39471
39666
39516
39745
39503
39686
39305
39348
39350
39601
39072
39620
39235
39266
39227
38695
38915
39042
38893
38989
38913
39192
38501
38980
39161
38873
38908
38754
38966
38550
38841
38917
38837
38666
38432
38793
38531
38314
38164
38345
38315
38557
38342
38327
38414
38602
38176
38539
37897
38358
38278
38295
37943
38000
37953
38006
38304
38101
37940
38015
38135
37932
38185
38008
37636
37838
37565
37553
37874
37617
37553
37619
37878
37718
37881
37671
37531
37024
37525
37045
37115
37037
37336
37195
37244
37155
37321
36952
36896
37245
37057
36934
36797
37096
36840
37082
37041
36803
37049
36833
36860
36828
36756
36486
36788
36578
36675
36774
36346
36790
36276
36434
36650
36539
36359
36329
36432
36571
36065
35995
36259
35965
36002
35971
36324
35773
35653
36059
35888
35754
35733
35594
35904
35625
35668
35786
36001
35807
35835
35705
35605
35788
35735
35541
35551
35605
35688
35472
35398
35069
35426
35768
35358
34983
35380
34992
35112
34805
34687
35084
34879
34854
35236
34534
35065
34915
34997
34901
34937
34760
34875
34606
34498
34362
34505
34634
34620
34454
34589
34353
34295
34086
34142
34195
34412
33974
34084
34080
34411
34354
34045
34025
34203
34324
34171
34249
34202
33856
33422
33821
34233
34191
33890
33723
34076
33705
33699
33996
33666
33564
33691
33811
33599
33338
33363
33073
33486
33487
33319
33461
33129
33662
32833
33146
33317
33155
33217
33211
33086
32786
33347
32814
32936
33103
32979
33051
32772
32908
32990
32546
32682
32754
32708
32167
32845
32627
32643
32662
32403
32510
32302
32606
32559
32278
32541
32384
32249
32234
32390
32040
32148
32213
31870
32008
31944
31951
31848
32277
32024
31775
31888
31956
31776
32002
31956
31606
31830
31778
31331
31662
31310
31446
31631
31415
31537
31293
31539
31470
31404
31465
31476
31246
31351
31379
30998
31232
31263
31170
30818
31068
30879
31080
30900
30585
30877
30923
30961
30868
30456
30635
30590
30636
30517
30952
30411
30638
30668
30256
30358
30805
30182
30479
30228
30236
30173
30573
30037
30174
30128
29970
30322
30189
29969
30121
30071
29878
29846
29774
29827
29643
29882
30031
29347
29904
29887
30120
30108
29857
29871
29639
29758
29688
29628
29346
29690
29460
29444
29624
29533
29143
29334
29286
28894
28983
29065
29316
28971
29074
29235
28822
29028
29037
28928
29345
29331
28700
28686
28980
29020
29076
28647
28648
28832
28333
29027
28360
28437
28862
28318
28487
28578
28508
27999
28498
28180
28411
28164
28253
27908
28004
28193
28153
28626
28194
28085
28261
28204
28114
27672
28047
27968
27944
27887
27756
27992
27580
27747
27505
27876
27559
27731
27764
27258
27712
27419
27419
27290
27632
27360
27239
27534
27173
27434
27399
27327
27246
27175
27123
27323
27510
27026
27281
26710
27042
26900
26831
27113
26742
26847
26774
26756
26960
26698
26922
26542
26697
26647
26875
26711
26650
26765
26569
26587
26511
26429
26477
26514
26312
26599
26428
26358
26421
25918
26264
25876
25992
26060
25965
25965
26268
26198
26092
25760
26039
25971
25819
25874
25807
26031
25883
26020
25692
25964
25667
25441
25452
25612
25539
25385
25757
25010
25515
25353
25315
25549
25709
25499
25153
25036
25454
25266
25183
24957
24900
25164
24961
25084
24964
24965
24735
25138
25057
24902
24806
24951
24739
25342
24674
24877
24828
24737
24742
24753
24752
24657
24525
24496
24724
24483
24387
24631
24210
24375
24131
24085
24437
24222
24196
23900
23882
24283
24252
24330
24131
24252
23926
23965
23987
23838
23787
24164
23534
23869
23832
23902
23759
23631
23996
23862
23849
23899
23745
23854
23503
23385
23570
23543
23591
23535
23336
23193
23253
23210
23416
23434
23377
23230
23332
23670
23542
23104
23170
23108
23030
23149
22949
23111
23165
22867
22951
22947
22731
23129
22706
22763
22666
22902
22990
22382
22696
22581
22890
22466
22616
22505
22310
22257
22493
22657
22667
22495
22436
22375
22419
22288
22348
22351
22145
21914
22010
22047
22115
22293
21717
22094
22171
21965
21956
22093
21789
21868
22264
21753
21939
21744
21841
21877
21832
21847
21630
22059
21447
21907
21697
21876
21714
21493
21392
21363
21688
21599
21399
21413
21172
21602
21332
21449
21139
21228
21615
21062
21033
21073
21222
21132
21084
20984
21150
20990
20883
20838
20989
21049
20888
20707
21037
20750
20614
20810
20780
20715
20777
20848
20572
20768
20611
20708
20555
20384
20162
20600
20522
20224
20259
20462
20601
20243
20178
20744
20286
20252
20340
20042
20287
20324
19884
20234
19914
20231
19901
19919
20135
19861
19780
19844
19675
19648
19783
19965
20009
19742
19920
19656
19594
19424
19844
19759
19630
19634
19635
19674
19460
19589
19388
19442
19243
19410
19423
19310
19170
19113
19118
18804
19212
19356
19319
18946
19083
19050
19070
19027
19168
19161
18782
18916
18832
18871
18930
18795
18798
18755
18971
18920
18848
18768
18778
18785
18729
18676
18881
18796
18729
18538
18457
18646
18586
18255
18262
18580
18363
18216
18286
18302
18590
18037
18221
18256
18168
18349
18354
18094
18180
18036
17899
17914
18059
18159
17848
18141
17968
17854
18029
18001
17605
17881
17754
17928
17668
17607
17765
17479
17569
17621
17663
17557
17629
17746
17745
17545
17464
17477
17483
17550
17365
17418
17324
17469
17408
17248
17440
17298
16982
17399
17175
16902
17245
17133
17227
17044
17055
16927
17179
17016
16935
16998
17239
16821
17216
16756
16759
17024
16808
16730
16720
16756
16843
16649
16515
16860
16744
16784
16395
16508
16481
16162
16681
16358
16373
16192
16503
16404
16446
16212
16438
16333
16351
16103
16403
16304
15959
16278
16211
16133
15913
16189
16162
16166
16029
16089
16092
15672
15886
16146
15944
16087
15951
15843
15728
15980
15858
15740
15574
15614
15547
15847
15649
15597
15697
15776
15734
15560
15629
15635
15509
15503
15393
15552
15334
15349
15381
15434
15355
15258
15398
15233
15447
15466
15376
15354
15300
15331
15007
14959
14926
15161
15242
15061
14907
15071
14988
14872
14934
14850
15193
14924
14966
14763
15149
15031
14918
14786
14925
14830
14591
14780
14637
14765
14623
14789
14656
14498
14814
14614
14517
14441
14657
14763
14763
14368
14476
14512
14379
14403
14270
14403
14407
14311
14127
14267
14186
14166
14115
14195
14046
14186
14033
13972
14338
14057
14148
14319
14061
14045
13806
14048
13984
13979
13968
14047
13860
13795
13822
14041
13900
13838
13661
13629
13580
13536
13865
13767
13741
13691
13498
13641
13533
13634
13465
13446
13707
13355
13457
13515
13537
13390
13383
13461
13332
13212
13338
13420
13196
13401
13556
13261
13341
13130
13032
13363
13220
13204
13075
13263
13138
13040
13219
13180
13095
13192
12724
12776
13301
13081
13029
12932
13058
12888
12871
12733
12949
12811
12877
12702
12736
12996
12740
12685
12797
12389
12592
12643
12699
12419
12627
12511
12441
12516
12527
12638
12372
12488
12435
12584
12347
12440
12356
12524
12565
12442
12450
12370
12365
12325
12426
12302
12299
12202
12168
12127
12172
12164
12070
12031
12030
12067
12153
12146
12043
11767
11737
11960
12052
12094
12001
11868
11875
11880
11795
11784
11783
11839
11779
11903
11891
11586
11680
11714
11788
11620
11636
11819
11806
11593
11745
11450
11357
11463
11795
11413
11461
11576
11408
11356
11416
11362
11461
11582
11317
11235
11225
11233
11416
11054
11493
11452
11297
11442
10911
11300
11257
11138
11314
11306
11077
11317
11098
11173
11146
11147
11006
11217
11128
11048
10918
10759
10875
10764
10895
10983
10956
10857
11051
10711
10919
10807
11056
10856
10871
10784
10502
10652
10634
10659
10717
10643
10643
10594
10594
10587
10690
10710
10642
10492
10533
10564
10564
10625
10364
10484
10432
10598
10434
10586
10489
10374
10287
10392
10403
10350
10292
10190
10159
10297
10148
10286
10196
10164
10262
10112
10152
10253
10416
9964
10125
10133
10087
9951
10099
10219
10126
10051
9928
9894
10042
9937
10108
10071
9975
9974
9886
9902
9885
9921
9787
9710
9809
9705
9801
9762
9798
9654
9630
9778
9763
9393
9680
9646
9381
9639
9498
9712
9613
9704
9409
9484
9325
9535
9483
9430
9553
9578
9470
9420
9290
9521
9445
9329
9410
9304
9349
9223
9377
9085
9380
9234
9236
9081
9107
9386
9299
9108
9221
9154
9082
9147
9082
9169
8937
9062
9064
8974
9053
9025
8957
9024
9034
9025
8824
8877
8883
8761
8872
8863
8708
8975
8810
8952
8686
8598
8721
8770
8779
8835
8750
8661
8754
8660
8706
8678
8668
8750
8808
8645
8736
8640
8718
8512
8636
8520
8516
8443
8512
8573
8466
8437
8563
8349
8339
8306
8204
8465
8326
8422
8388
8395
8450
8359
8456
8431
8344
8492
8450
8081
8329
8128
8212
8202
8367
8334
8278
8142
8166
8129
8136
8121
8125
8028
8159
8004
7974
8076
8092
7942
7927
8039
7987
8096
7910
8025
7899
7930
7888
7907
7887
7885
7722
7964
7880
7818
7892
7788
7829
7827
7645
7700
7672
7721
7772
7752
7770
7697
7575
7799
7656
7621
7648
7644
7648
7610
7633
7441
7536
7510
7384
7386
7428
7575
7638
7458
7545
7553
7328
7414
7390
7414
7544
7328
7541
7345
7474
7498
7359
7375
7283
7262
7368
7339
7423
7307
7213
7430
7108
7240
7154
7253
7266
7157
7154
7052
7114
7007
7166
7123
6952
7133
7000
7047
7144
7125
7113
7103
7004
7066
7073
7007
7046
7064
7030
7021
6915
7017
6877
6983
6893
6886
6792
6868
6849
6802
6796
6913
6878
6866
6879
6833
6796
6673
6805
6836
6638
6663
6694
6698
6706
6862
6599
6577
6873
6611
6667
6733
6636
6428
6643
6666
6612
6533
6706
6412
6404
6496
6540
6489
6631
6569
6355
6482
6478
6390
6408
6553
6333
6393
6410
6345
6441
6324
6384
6505
6346
6196
6282
6386
6318
6110
6268
6298
6390
6117
6282
6273
6090
6175
6148
6214
6123
6237
6181
6081
6111
6078
6055
6106
6117
6105
6064
6008
6049
6028
6011
5889
6025
6109
5965
6182
5909
5984
5875
5998
5966
5932
5895
5847
5912
6006
5868
5906
5793
5733
5775
5844
5937
5802
5664
5871
5833
5715
5963
5799
5887
5638
5750
5882
5901
5690
5673
5632
5734
5593
5668
5733
5712
5610
5556
5579
5601
5698
5731
5626
5587
5573
5565
5520
5600
5569
5576
5471
5524
5576
5434
5534
5466
5621
5444
5436
5585
5328
5577
5333
5351
5247
5398
5523
5345
5350
5381
5274
5553
5215
5445
5295
5409
5181
5227
5243
5316
5233
5159
5282
5225
5146
5270
5178
5261
5246
5243
5210
5161
5076
5092
5198
5093
5212
5134
5163
4988
5109
5070
5052
5092
5185
4967
5038
5018
5030
5025
4874
5002
5058
4990
4958
5004
5056
5034
4895
4900
4934
4939
4977
5015
4812
4934
5015
4928
4806
4771
4938
4842
4799
4775
4799
4792
4903
4872
4774
4687
4890
4945
4684
4781
4684
4726
4849
4814
4712
4828
4739
4586
4700
4712
4751
4740
4619
4691
4693
4749
4610
4633
4532
4668
4739
4611
4543
4642
4514
4631
4607
4558
4671
4432
4610
4547
4553
4621
4440
4597
4501
4469
4471
4427
4520
4608
4427
4508
4445
4553
4348
4574
4407
4430
4388
4489
4321
4301
4304
4501
4247
4260
4255
4437
4352
4348
4346
4310
4064
4315
4410
4321
4264
4070
4176
4293
4281
4184
4260
4262
4253
4246
4273
4198
4229
4142
4165
4138
4258
4148
4111
3957
4012
4240
4203
4119
4178
4186
4056
4138
3995
4112
4014
4167
4181
4056
4071
4017
4130
4040
4047
4052
3980
3982
3933
3902
4008
4008
3946
3993
3895
3890
3879
3884
3856
3962
3951
3901
3821
3984
3890
3865
3881
3773
3895
3839
3874
3837
3834
3708
3808
3883
3755
3791
3806
3878
3847
3782
3734
3717
3701
3747
3786
3806
3813
3813
3721
3706
3714
3745
3708
3724
3559
3723
3637
3689
3625
3682
3649
3640
3625
3663
3615
3514
3659
3586
3573
3638
3587
3559
3540
3588
3636
3636
3488
3542
3577
3541
3597
3515
3642
3447
3518
3513
3469
3508
3380
3531
3489
3543
3433
3476
3483
3530
3400
3458
3378
3386
3390
3470
3389
3399
3364
3433
3353
3380
3429
3382
3390
3324
3367
3307
3391
3259
3474
3342
3375
3290
3285
3213
3352
3295
3320
3295
3304
3270
3259
3281
3291
3331
3229
3193
3281
3199
3192
3146
3181
3132
3209
3159
3170
3198
3069
2994
3252
3195
3131
3215
3197
3159
3175
3131
3065
3146
3085
3172
3173
3134
2958
3015
3138
3150
3151
3030
3077
3075
3076
2963
3247
3147
2996
3100
3140
3066
3065
3050
2953
3008
2923
3078
2937
2961
3061
2894
3053
2953
2887
3103
2969
2937
2881
2923
2877
2908
2901
2929
2877
2920
2990
2790
2880
2920
2890
2830
2859
2951
2836
2753
2823
2830
2783
2837
2819
2840
2780
2741
2804
2753
2833
2722
2809
2750
2728
2777
2771
2765
2663
2720
2831
2767
2698
2670
2709
2776
2642
2824
2616
2727
2763
2799
2664
2668
2663
2605
2635
2669
2656
2680
2688
2582
2558
2693
2623
2686
2668
2680
2653
2678
2610
2633
2634
2535
2585
2616
2629
2613
2622
2613
2553
2466
2504
2610
2539
2517
2519
2487
2641
2497
2521
2489
2448
2473
2504
2462
2497
2473
2442
2508
2486
2461
2505
2498
2400
2457
2483
2468
2427
2407
2312
2429
2416
2357
2410
2349
2377
2352
2499
2431
2416
2382
2406
2362
2422
2385
2312
2379
2371
2340
2306
2349
2382
2322
2340
2341
2347
2422
2339
2356
2245
2281
2405
2283
2302
2290
2288
2417
2183
2268
2285
2244
2320
2301
2275
2210
2289
2201
2236
2203
2085
2246
2296
2217
2198
2242
2215
2220
2218
2163
2169
2176
2198
2114
2158
2173
2132
2235
2167
2215
2205
2103
2072
2144
2105
2177
2128
2213
2186
2060
2248
2126
2130
2133
2095
2165
2066
2043
2153
2103
2051
2110
2122
2046
2092
2073
2086
2076
2101
2081
2031
2136
2114
2076
2089
1987
2056
1953
2027
2030
2091
2042
1983
2050
2046
1990
1970
2032
1988
2005
2018
1978
1941
1999
1851
2029
2059
1986
1982
2011
1975
1934
1843
1972
1936
1853
1925
1950
1934
1959
1950
1901
1894
1862
1913
1873
1869
1878
1912
1933
1823
1912
1906
1917
1867
1904
1854
1950
1910
1878
1930
1878
1857
1831
1885
1760
1886
1856
1847
1821
1828
1793
1758
1841
1871
1840
1768
1828
1785
1785
1793
1782
1824
1822
1789
1718
1758
1725
1713
1689
1734
1764
1707
1765
1696
1732
1767
1727
1703
1792
1755
1710
1748
1775
1714
1680
1760
1666
1696
1683
1708
1664
1722
1705
1742
1661
1643
1661
1727
1646
1716
1611
1718
1687
1685
1719
1581
1661
1600
1587
1649
1638
1557
1604
1573
1511
1591
1625
1633
1548
1556
1637
1599
1627
1553
1565
1670
1681
1545
1601
1632
1626
1575
1608
1574
1607
1557
1548
1544
1520
1570
1487
1622
1584
1460
1604
1563
1530
1517
1521
1493
1523
1483
1577
1534
1531
1590
1538
1499
1528
1429
1536
1529
1528
1512
1506
1481
1549
1499
1498
1495
1459
1557
1541
1418
1448
1455
1425
1399
1465
1433
1507
1411
1430
1476
1454
1437
1452
1411
1415
1356
1433
1396
1438
1391
1417
1408
1391
1410
1326
1360
1389
1427
1374
1337
1425
1336
1429
1322
1414
1343
1427
1304
1347
1377
1344
1361
1349
1364
1376
1360
1347
1377
1306
1364
1346
1330
1292
1350
1292
1268
1307
1281
1277
1342
1264
1305
1286
1324
1306
1321
1358
1362
1335
1304
1234
1333
1312
1253
1287
1224
1313
1277
1346
1282
1281
1203
1313
1275
1279
1307
1242
1274
1212
1284
1251
1250
1278
1173
1220
1298
1269
1215
1243
1276
1161
1219
1235
1235
1218
1210
1240
1167
1283
1229
1213
1193
1200
1186
1172
1188
1231
1125
1166
1234
1234
1159
1248
1197
1171
1122
1101
1102
1180
1210
1101
1157
1172
1133
1085
1246
1089
1188
1158
1103
1086
1132
1141
1147
1143
1142
1099
1111
1124
1116
1046
1068
1087
1090
1074
1150
1081
1086
1081
1069
1088
1083
1088
1067
1096
1105
1104
1092
1056
1113
1100
1057
1059
1061
1081
1089
1088
1065
1068
1027
1075
1041
1009
1038
1000
1048
1043
1074
1043
1023
1012
1059
1099
1036
1082
1033
1025
990
1038
1014
1031
936
1017
1010
1055
977
1037
1050
1014
1012
1000
950
1000
997
979
977
980
971
939
1015
978
953
1031
937
968
1003
1027
964
945
990
942
904
1014
977
940
989
929
941
974
935
944
862
960
968
980
946
965
920
895
918
939
931
922
925
910
879
934
913
917
916
868
914
865
914
911
929
909
930
890
952
884
881
876
891
936
887
930
866
902
830
916
867
860
868
950
878
843
866
804
863
871
840
843
906
875
831
842
858
869
871
857
831
845
841
866
822
829
882
857
798
914
848
862
894
787
805
875
796
917
801
800
810
806
848
782
805
846
860
789
872
792
788
809
766
849
807
795
768
804
807
750
797
798
794
741
798
746
798
734
766
758
796
764
748
749
803
753
748
779
766
792
781
781
766
701
802
762
725
760
772
778
773
739
719
731
736
721
747
728
724
751
745
716
715
716
692
773
703
716
700
706
680
723
722
712
716
679
741
735
732
695
706
741
718
715
735
684
669
693
769
686
693
684
663
670
678
693
689
687
676
681
683
661
654
701
687
647
703
702
665
685
666
685
676
604
672
649
635
610
637
653
645
669
666
739
606
688
697
665
667
613
638
620
600
609
675
633
633
631
628
629
628
639
639
646
612
622
615
613
618
637
614
596
635
581
608
586
598
614
616
580
620
622
602
624
577
623
590
619
606
595
584
575
561
609
584
592
558
607
609
588
580
562
562
571
589
588
548
636
553
586
565
605
608
589
575
614
555
496
575
572
558
591
594
539
562
573
550
551
531
529
588
551
524
535
507
559
522
546
553
526
557
518
523
549
538
519
528
508
497
551
536
553
510
531
553
560
523
559
532
518
528
537
510
476
531
524
544
495
473
545
521
519
471
477
499
518
515
506
474
548
487
496
505
520
465
504
509
499
446
504
499
495
460
489
501
512
441
493
517
464
506
532
477
458
495
468
490
488
457
485
480
453
432
490
460
455
499
503
454
459
460
496
461
489
423
443
467
446
502
453
464
421
440
475
437
464
413
473
433
431
463
449
469
399
437
405
422
482
436
422
444
416
463
423
433
457
475
437
436
418
431
419
435
463
422
437
432
433
413
448
398
401
389
439
488
385
417
430
389
403
395
431
460
378
399
419
408
386
430
404
420
414
396
399
388
424
389
392
401
418
357
398
395
415
420
430
388
388
382
380
365
361
395
396
387
403
385
394
430
390
423
357
382
388
401
377
377
366
392
366
400
347
371
360
405
356
410
372
356
322
358
344
368
370
365
389
377
341
359
344
386
347
368
343
355
377
399
364
355
378
358
329
353
366
324
370
354
356
326
371
401
366
351
340
373
353
317
336
326
318
332
364
333
342
317
335
336
308
350
323
337
325
337
316
342
350
324
337
326
347
331
313
362
300
344
380
330
341
365
289
308
322
334
298
334
339
338
321
331
316
326
302
334
311
333
303
313
317
330
301
291
290
284
322
348
323
298
309
302
325
287
307
307
312
297
286
291
320
290
294
302
306
291
308
312
294
259
280
314
299
311
276
280
305
298
303
270
313
291
298
279
283
296
277
281
296
294
310
275
301
264
264
260
284
285
263
279
267
282
297
279
272
290
255
270
300
274
280
299
262
284
261
288
254
283
274
269
304
246
230
297
267
270
267
275
296
281
259
288
243
268
254
252
238
233
277
267
289
250
274
242
274
248
229
243
253
244
268
276
263
285
240
249
240
257
255
233
226
269
227
239
255
234
234
256
221
229
239
241
238
230
265
232
265
226
213
244
218
256
223
220
237
219
225
208
218
229
250
231
254
244
229
237
232
217
222
218
217
208
224
247
237
234
238
226
228
231
225
200
209
209
226
257
219
224
208
223
199
229
232
199
209
225
211
193
222
200
193
236
236
217
217
250
221
220
212
221
199
204
201
188
200
213
199
223
206
224
215
182
229
183
196
213
234
205
182
200
205
202
212
209
205
212
217
191
186
193
211
190
178
186
190
196
213
205
193
193
162
196
199
210
193
180
200
221
186
181
203
199
198
210
175
187
189
189
200
210
189
205
204
183
181
179
206
200
193
179
186
180
179
185
200
187
186
193
188
184
175
178
156
176
203
205
182
190
162
194
191
193
164
180
153
156
182
168
179
156
199
175
194
186
191
172
188
141
157
166
165
184
176
204
162
159
152
141
174
170
165
160
167
160
183
151
174
158
178
134
164
172
147
156
159
172
180
149
163
162
180
155
169
166
165
156
157
144
184
165
138
155
145
177
165
163
165
139
152
165
153
147
158
169
146
144
158
156
141
132
146
142
135
142
126
145
139
137
163
152
148
141
139
180
144
156
127
148
139
141
137
122
152
147
152
137
133
141
145
149
157
146
162
134
120
142
105
148
122
129
144
126
125
152
145
138
152
130
158
139
134
135
128
152
125
133
162
116
131
130
146
149
134
139
140
124
118
149
123
122
145
128
133
142
129
118
113
129
123
124
130
138
135
127
131
132
127
155
141
143
148
122
109
134
113
136
134
122
126
125
105
117
125
122
127
134
116
89
145
102
131
117
108
127
124
127
129
128
126
110
120
128
118
114
115
103
118
100
115
111
123
130
94
123
120
120
140
101
112
124
110
88
99
107
119
97
91
117
105
115
100
94
119
112
94
109
102
95
116
101
126
79
104
132
100
107
109
101
114
112
108
95
104
108
87
104
104
124
100
114
96
91
88
98
103
95
110
91
91
114
102
93
114
112
87
95
115
110
74
97
91
80
104
106
103
108
106
104
95
106
114
107
107
120
91
82
85
85
102
87
98
114
99
104
91
103
99
111
96
86
91
94
86
104
105
73
99
81
75
107
96
92
98
101
125
92
96
96
84
83
87
93
98
88
86
92
89
90
87
68
68
96
111
100
113
68
87
98
78
93
86
91
97
92
95
81
87
94
78
101
96
85
93
82
93
69
74
84
98
75
91
73
103
71
72
84
69
91
81
73
76
103
96
98
80
83
94
89
84
71
73
71
72
76
67
76
76
57
89
77
91
83
71
68
78
82
78
76
99
76
85
77
86
68
77
75
89
75
69
81
77
77
76
84
85
67
69
84
78
72
89
70
63
74
78
79
80
65
67
79
78
66
58
84
79
79
79
85
53
73
65
76
64
74
61
79
62
64
63
64
77
67
80
69
70
63
55
70
70
68
73
78
67
57
63
67
66
87
76
75
64
62
66
64
71
64
68
55
63
61
69
63
62
68
58
71
61
67
61
64
67
61
76
54
74
63
74
68
62
56
53
68
69
56
54
73
67
56
50
58
60
66
58
73
59
49
56
72
60
63
71
64
55
58
59
60
61
61
58
65
68
63
62
52
48
72
52
60
55
60
55
56
68
57
56
50
59
65
55
54
57
65
52
65
54
58
63
53
42
59
59
56
51
59
60
48
50
64
57
53
47
46
56
44
53
59
62
48
56
56
53
58
55
58
57
54
54
44
34
42
65
42
58
49
36
59
47
52
53
47
46
52
53
49
38
55
62
52
47
44
49
56
54
37
47
48
51
53
49
46
51
47
50
57
55
44
53
58
58
36
53
45
36
41
34
46
48
43
50
45
49
54
40
43
50
47
48
50
54
48
53
46
46
54
53
55
53
38
55
48
46
50
43
57
40
34
44
49
59
42
36
36
45
55
48
56
39
42
37
41
55
54
54
41
37
41
42
47
42
40
34
40
35
39
39
43
35
45
39
31
45
44
45
45
51
44
39
37
44
36
43
39
55
41
48
34
38
36
41
33
43
36
43
52
40
34
43
46
57
43
48
39
45
34
44
30
35
47
36
41
49
41
39
33
32
30
36
34
40
36
31
34
33
37
39
23
43
33
42
46
41
38
28
36
45
44
35
35
30
36
29
29
44
45
39
45
39
51
36
37
36
38
46
38
26
30
30
45
36
44
34
34
30
45
27
30
28
43
41
31
35
29
34
19
25
35
38
31
37
31
31
35
32
44
29
32
31
36
40
26
36
24
32
44
33
41
33
32
30
31
32
34
32
37
32
38
34
24
26
40
29
35
24
29
34
30
28
35
39
25
28
26
28
28
25
36
31
26
39
25
32
25
29
41
34
17
31
30
33
35
27
38
32
26
41
37
31
32
22
26
31
30
34
20
32
30
23
22
26
19
29
30
23
31
31
20
22
25
38
13
32
31
28
22
37
25
26
34
30
21
17
20
21
32
22
17
27
23
28
31
27
30
28
28
25
29
27
32
27
27
22
26
27
23
26
24
18
22
30
26
26
31
28
21
20
30
21
24
29
24
23
20
38
25
24
14
30
32
21
31
28
20
26
23
23
27
23
18
28
23
15
23
26
13
28
16
28
21
14
29
17
28
18
27
25
25
22
26
23
25
19
17
21
18
28
27
29
17
28
20
19
28
19
25
30
18
26
20
18
17
13
17
24
15
23
25
23
24
23
16
24
23
15
21
17
29
24
31
20
22
30
20
18
24
17
20
24
21
20
26
13
18
20
7
21
27
11
25
22
25
14
16
20
18
17
20
18
17
23
17
13
13
25
20
11
19
23
15
15
19
12
15
20
17
16
11
16
19
18
18
18
26
19
20
19
13
17
15
22
18
23
16
16
18
24
15
21
19
18
30
17
24
23
19
18
24
16
22
23
25
24
21
17
17
10
19
13
16
21
19
20
15
14
12
18
16
21
10
13
20
22
17
13
14
17
16
21
19
15
12
14
17
10
19
26
23
15
10
14
19
19
18
15
9
15
18
17
15
11
20
14
21
15
22
18
11
11
15
12
15
14
14
19
21
20
14
21
10
21
11
18
16
11
9
13
12
20
8
20
15
19
10
10
15
15
14
13
19
15
16
11
9
15
12
24
17
15
14
18
12
16
13
11
6
16
15
15
11
15
11
18
11
10
15
13
16
10
14
14
10
13
12
19
13
11
11
15
12
16
10
12
17
10
15
14
17
12
14
10
17
12
5
14
12
12
17
12
9
11
10
17
7
15
10
18
20
17
10
9
14
9
12
15
17
16
19
9
10
14
12
11
11
10
12
10
14
16
5
11
11
12
19
12
13
12
17
8
12
17
15
12
14
11
8
11
16
10
10
14
11
14
13
10
9
10
11
12
7
17
12
11
8
16
13
12
12
15
15
12
12
10
12
16
8
8
13
15
6
12
17
20
16
9
15
14
13
9
9
9
11
12
12
7
11
10
16
8
17
5
6
12
13
16
12
12
7
7
9
7
17
11
9
11
12
17
9
18
11
3
6
9
11
10
13
7
4
10
13
6
10
12
14
6
11
15
8
5
16
13
4
9
11
14
8
8
7
5
9
12
13
8
10
7
11
13
11
12
11
10
12
11
9
10
3
13
10
6
6
10
10
12
9
4
9
14
5
9
11
7
9
5
6
9
9
4
5
7
5
3
13
6
9
10
9
7
8
12
8
12
9
3
8
10
6
3
8
7
6
12
2
7
4
6
9
4
8
5
5
6
7
11
8
10
7
5
9
5
6
10
7
6
9
8
4
8
5
10
1
8
10
9
4
8
6
4
9
3
11
7
4
3
4
6
7
10
12
5
3
8
8
6
7
10
5
8
8
6
7
6
9
9
6
6
8
5
3
7
4
5
9
4
8
5
8
9
8
4
6
9
7
5
9
6
7
2
4
6
3
6
7
3
11
8
4
9
3
9
8
6
3
4
4
5
7
15
13
11
7
4
10
4
11
10
11
6
6
5
8
3
3
3
4
5
5
9
7
5
6
6
12
4
5
4
5
9
9
3
7
5
7
7
3
3
8
3
9
7
8
11
5
8
7
9
10
8
10
9
5
5
6
4
4
3
2
2
5
7
5
6
3
5
4
2
6
4
6
9
6
9
5
5
6
7
8
1
7
2
11
1
2
7
3
6
3
5
5
5
3
5
6
4
12
3
3
5
5
3
4
3
11
7
6
4
6
8
3
4
3
5
2
8
5
6
4
4
6
1
8
4
5
7
7
4
6
5
5
6
6
8
8
2
3
4
5
9
5
7
2
4
4
7
5
6
2
6
3
3
7
10
7
4
9
4
5
3
6
6
5
6
1
1
5
8
2
5
2
5
3
2
5
5
3
2
0
7
3
6
1
4
5
6
1
3
8
2
1
5
3
2
3
1
6
1
4
2
2
3
7
3
2
5
3
9
0
7
2
3
4
6
3
4
3
4
3
5
6
7
1
7
2
2
5
3
2
3
5
5
5
1
4
3
2
5
5
7
0
5
2
4
7
3
4
6
3
1
6
1
3
5
2
5
3
1
6
6
5
1
5
2
5
7
4
5
1
7
9
4
7
3
3
3
7
4
2
5
4
0
6
5
3
0
3
2
5
2
5
4
4
4
1
4
3
2
4
2
2
3
6
7
6
1
4
5
2
6
3
1
7
3
5
3
0
4
4
6
5
3
2
3
2
4
3
2
1
4
1
1
3
3
2
4
3
2
5
3
4
4
1
2
3
3
4
4
3
4
6
4
4
4
1
3
2
1
1
3
7
3
5
1
1
2
3
4
2
1
6
2
3
3
3
1
1
2
3
6
3
6
5
2
2
3
4
3
3
1
4
2
5
2
7
1
2
4
3
2
0
3
3
3
2
1
5
2
1
1
4
1
2
1
2
8
2
3
4
3
2
4
4
2
2
1
5
1
5
1
3
3
2
3
2
2
1
3
2
2
1
3
1
3
2
3
3
2
0
2
1
0
2
2
0
3
3
0
4
2
5
0
2
1
3
1
3
1
2
2
2
5
0
1
3
1
4
2
2
1
1
2
2
1
6
2
4
1
4
1
5
1
6
3
0
3
2
3
3
0
3
2
2
2
3
0
2
2
2
0
3
1
3
1
2
2
3
3
0
4
1
1
1
4
1
1
2
0
1
0
2
1
1
2
0
1
2
4
2
1
2
2
2
1
1
2
3
1
3
1
0
3
3
3
1
3
5
1
2
1
1
0
1
2
0
3
5
0
5
1
2
3
4
4
1
2
1
2
2
2
0
1
3
2
1
2
1
2
2
2
2
2
1
1
2
0
1
0
3
0
2
1
2
0
2
2
1
4
2
1
5
3
3
2
3
4
1
1
4
0
4
1
1
1
1
1
1
1
2
2
2
0
3
1
3
1
3
1
5
1
2
1
1
6
2
3
0
2
2
1
1
0
2
1
3
1
1
2
4
1
3
2
1
2
2
3
1
1
0
0
0
0
1
1
1
3
0
3
2
0
0
2
2
4
1
2
1
0
0
2
1
1
1
2
0
0
2
2
1
1
2
2
1
0
0
2
2
3
1
3
1
1
1
0
4
0
1
0
2
1
1
2
2
2
1
0
0
1
1
0
2
0
1
1
1
3
2
1
0
2
1
3
4
0
1
2
1
2
1
4
2
1
0
1
0
1
0
0
3
0
1
1
2
0
2
4
2
1
1
1
1
2
2
2
0
0
2
1
0
2
0
1
0
1
4
1
1
1
1
0
1
1
4
1
3
0
1
1
0
3
1
3
1
3
2
0
1
1
2
2
1
1
0
1
1
0
1
0
0
1
3
1
0
0
0
0
1
1
2
1
1
1
0
1
0
1
1
1
2
0
2
2
0
0
0
1
1
2
3
1
1
2
1
0
2
0
1
2
0
0
1
2
0
0
3
0
0
0
0
1
0
1
1
0
2
0
1
0
1
3
1
0
2
2
0
2
0
1
1
1
1
3
0
1
1
1
0
0
0
1
0
0
1
0
1
3
1
2
1
1
0
1
1
2
1
0
3
1
1
0
2
1
3
2
0
1
2
1
0
2
0
0
4
2
1
1
1
3
0
2
0
0
2
1
0
0
2
4
1
0
2
0
0
0
0
0
0
1
0
0
0
0
0
1
1
1
1
0
0
2
3
2
1
0
1
1
2
1
1
0
2
0
0
0
0
1
2
0
0
0
0
0
0
1
0
0
1
0
2
1
1
0
0
0
1
1
1
1
0
0
0
1
1
0
2
0
1
0
0
2
2
0
3
1
1
1
0
0
1
1
0
0
0
1
0
1
2
1
2
0
1
0
0
0
1
0
1
0
0
1
0
2
1
0
1
0
1
1
0
1
1
1
0
0
1
0
0
1
0
2
1
2
0
0
1
2
0
0
0
0
0
1
0
1
1
0
2
2
0
1
0
0
1
1
0
1
0
0
0
0
0
0
1
0
0
0
0
1
0
2
0
0
0
0
0
2
0
2
0
0
1
0
0
1
1
0
1
0
0
2
1
3
1
3
0
0
3
0
0
0
1
1
1
0
0
0
0
0
0
1
2
1
0
0
1
0
1
0
1
1
0
1
0
0
1
1
2
0
0
1
0
0
0
2
1
1
1
0
0
0
1
0
0
0
0
0
0
0
0
1
2
0
1
0
0
0
1
0
0
1
0
0
1
1
1
0
1
0
0
0
0
0
1
0
1
1
0
0
1
0
0
2
0
0
0
1
0
0
0
0
0
1
0
1
0
0
0
0
0
0
1
0
0
0
0
1
4
0
0
0
1
0
0
0
0
0
1
3
1
1
1
0
1
2
0
1
0
0
1
0
0
0
0
0
0
0
2
0
0
0
1
0
2
1
1
0
0
0
0
0
0
0
0
0
0
0
0
0
0
1
0
1
0
0
0
0
0
1
0
0
0
0
0
1
0
1
0
0
0
0
0
2
1
0
1
0
0
0
0
3
0
0
1
0
1
1
0
0
0
0
1
0
0
0
0
1
0
0
1
0
0
0
1
1
0
0
0
0
1
0
1
0
0
1
0
0
1
0
0
1
0
1
1
0
0
0
0
0
0
0
0
2
2
0
1
0
0
1
0
0
0
0
0
0
0
1
2
0
1
0
0
0
0
0
0
0
0
0
0
0
0
0
1
0
0
1
0
1
2
0
0
0
0
0
0
0
0
0
0
0
0
0
0
0
0
0
0
0
2
0
0
0
0
0
0
1
1
0
0
0
0
0
2
0
0
0
0
1
0
0
0
0
0
1
0
0
0
0
0
0
0
0
0
0
1
0
0
0
1
0
0
0
1
1
0
0
0
0
0
1
1
1
0
0
1
1
1
0
1
0
0
2
0
0
0
1
1
0
1
0
0
0
1
0
1
2
1
0
1
0
0
0
1
1
0
0
1
1
0
0
0
0
0
0
0
0
0
0
0
0
0
0
0
0
1
0
2
0
0
0
0
0
1
0
0
0
0
0
1
0
0
0
0
0
0
1
0
0
0
0
0
2
0
1
0
0
1
1
0
0
0
0
1
0
0
0
0
0
0
1
0
0
0
0
0
1
1
0
0
0
0
0
1
0
0
1
0
0
0
1
0
0
0
0
0
0
0
0
0
0
0
0
0
2
0
0
0
0
0
0
0
1
0
0
0
0
0
0
0
0
0
0
0
0
0
0
0
0
0
2
1
0
0
0
0
0
1
0
0
0
0
0
0
0
0
1
0
0
0
0
0
0
0
0
0
0
0
0
0
0
0
0
0
0
0
0
0
1
0
0
0
0
0
0
0
0
0
0
0
0
0
0
0
0
0
0
1
0
1
0
0
0
0
1
0
0
0
0
0
0
0
0
0
0
0
0
0
0
0
0
0
1
0
0
0
0
0
0
0
0
0
0
1
0
0
0
0
0
0
0
0
0
1
0
0
0
0
0
0
0
1
0
0
0
0
0
0
1
1
0
0
0
0
0
0
0
2
0
0
0
0
0
0
0
0
0
0
1
1
0
0
0
0
0
0
0
0
0
0
0
0
1
0
0
0
1
0
0
0
0
0
0
0
0
0
0
0
0
0
0
0
0
0
0
0
0
0
0
0
0
0
0
0
0
0
0
0
0
0
0
0
0
0
1
0
0
0
0
0
0
0
0
0
0
0
0
0
0
0
0
0
0
0
0
0
0
0
0
1
1
0
0
0
0
0
0
0
0
0
0
0
0
0
0
0
1
0
0
0
0
1
0
0
0
0
0
1
0
0
0
0
0
0
0
0
0
0
0
0
0
0
0
0
0
0
0
0
0
0
0
0
0
0
0
0
0
0
0
0
0
0
0
0
0
0
0
0
0
1
0
0
0
1
0
1
2
0
0
0
0
0
1
0
0
0
0
0
1
0
0
0
0
0
1
0
0
0
0
0
0
0
0
0
0
0
1
0
0
0
0
0
0
0
0
0
0
0
1
0
0
0
0
0
0
0
0
0
0
0
0
0
0
0
0
0
1
0
0
0
0
0
0
0
0
0
0
0
0
0
0
0
0
0
0
0
0
0
0
0
0
0
0
0
0
0
1
1
0
0
0
0
0
0
0
0
0
0
0
0
0
0
0
0
0
0
0
0
0
0
0
0
1
0
0
0
0
0
0
0
0
0
0
0
0
0
0
0
0
0
1
0
0
0
0
1
0
0
0
0
0
0
0
0
0
0
0
0
0
0
0
0
0
0
1
0
0
0
0
0
0
0
0
1
0
0
0
0
2
0
1
0
0
0
0
0
0
0
0
0
0
1
0
0
0
0
0
1
0
0
0
0
0
0
0
0
0
0
0
0
0
0
1
0
0
1
0
0
0
0
0
0
0
0
0
0
0
0
0
0
0
0
0
0
0
0
0
0
0
0
0
0
0
0
0
0
0
0
0
0
0
0
0
0
0
0
0
0
0
0
0
0
0
0
0
0
0
0
1
0
0
0
0
1
0
0
0
0
0
0
0
0
0
0
0
0
0
0
0
0
0
0
0
1
0
0
0
0
0
0
0
0
0
0
0
0
0
1
0
0
0
0
0
0
0
0
