0
0
0
0
0
0
0
0
0
0
0
0
0
0
0
0
0
0
0
0
0
0
0
0
0
0
0
0
0
0
0
0
0
0
0
0
0
0
0
0
0
0
0
0
0
0
0
0
0
0
0
0
0
0
0
0
0
0
0
0
0
0
0
0
0
0
0
0
0
0
0
0
0
0
0
0
0
0
0
0
0
0
0
0
0
0
0
0
0
0
0
0
0
0
0
0
0
0
0
0
0
0
0
0
0
0
0
0
0
0
0
0
0
0
0
0
0
0
0
0
0
0
0
0
0
0
0
0
0
0
0
0
0
0
0
0
0
0
0
0
0
0
0
0
0
0
0
0
0
0
0
0
0
0
0
0
0
0
0
0
0
0
0
0
0
0
0
0
0
0
0
0
0
0
0
0
0
0
0
0
0
0
0
0
0
0
0
0
0
0
0
0
0
0
0
0
0
0
0
0
0
0
0
0
0
0
0
0
0
0
0
0
0
0
0
0
0
0
0
0
0
0
0
0
0
0
0
0
0
0
0
0
0
0
0
0
0
0
0
0
0
0
0
0
0
0
0
0
0
0
0
0
0
0
0
0
0
0
0
0
0
0
0
0
0
0
0
0
0
0
0
0
0
0
0
0
0
0
0
0
0
0
0
0
0
0
0
0
0
0
0
0
0
0
0
0
0
0
0
0
0
0
0
0
0
0
0
0
0
0
0
0
0
0
0
0
0
0
0
0
0
0
0
0
0
0
0
0
0
0
0
0
0
0
0
0
0
0
0
0
0
0
0
0
0
0
0
0
0
0
0
0
0
0
0
0
0
0
0
0
0
0
0
0
0
0
0
0
0
0
0
0
0
0
0
0
0
0
0
0
0
0
0
0
0
0
0
0
0
0
0
0
0
0
0
0
0
0
0
0
0
0
0
0
0
0
0
0
0
0
0
0
0
0
0
0
0
0
0
0
0
0
0
0
0
0
0
0
0
0
0
0
0
0
0
0
0
0
0
0
0
0
0
0
0
0
0
0
0
0
0
0
0
0
0
0
0
0
0
0
0
0
0
0
0
0
0
0
0
0
0
0
0
0
0
0
0
0
0
0
0
0
0
0
0
0
0
0
0
0
0
0
0
0
0
0
0
0
0
0
0
0
0
0
0
0
0
0
0
0
0
0
0
0
0
0
0
0
0
0
0
0
0
0
0
0
0
0
0
0
0
0
0
0
0
0
0
0
0
0
0
0
0
0
0
0
0
0
0
0
0
0
0
0
0
0
0
0
0
0
0
0
0
0
0
0
0
0
0
0
0
0
0
0
0
0
0
0
0
0
0
0
0
0
0
0
0
0
0
0
0
0
0
0
0
0
0
0
0
0
0
0
0
0
0
0
0
0
0
0
0
0
0
0
0
0
82
106
91
90
74
67
101
91
85
102
95
77
90
88
81
93
89
79
84
91
90
81
93
89
84
70
74
91
78
77
69
72
67
88
88
85
74
72
86
72
86
72
76
85
85
83
73
70
331
319
304
321
310
325
329
289
353
328
345
332
299
323
313
328
347
346
304
329
309
316
328
315
351
302
274
287
302
313
259
207
148
133
151
169
169
167
134
139
128
135
153
145
142
135
157
128
226
246
215
237
236
271
249
277
272
210
251
253
273
266
318
301
284
266
301
292
300
364
290
294
312
310
326
301
307
325
313
242
212
213
221
255
265
281
252
291
330
371
380
388
408
394
347
424
437
433
468
417
465
511
522
540
566
523
564
620
610
604
806
843
851
814
800
862
908
933
948
917
916
990
994
991
1041
1066
1054
975
977
1092
1068
1071
1042
1137
1117
1189
1188
1226
1189
1222
1327
1282
1289
1314
1376
1324
1354
1436
1347
1365
1398
1506
1489
1407
1476
1577
1594
1635
1858
1945
1904
1960
1945
2063
2034
2055
2056
2087
2042
2184
2049
2074
2251
2206
2282
2257
2298
2378
2340
2379
2373
2386
2452
2485
2444
2577
2579
2699
2608
2718
2630
2727
2646
2743
2787
2778
2813
2852
2907
2914
2805
2854
2920
3071
2983
3149
3223
3042
3219
3160
3307
3253
3413
3522
3378
3455
3451
3665
3454
3627
3674
3800
3761
3829
3872
3716
3865
3993
3873
4005
4173
4074
4181
4162
4158
4254
4359
4359
4400
4476
4581
4603
4591
4677
4776
4693
4763
4830
4919
4870
4946
4989
5131
5002
5117
5175
5241
5304
5524
5423
5404
5428
5592
5646
5651
5681
5749
5820
5845
5897
6165
6246
5952
6110
6192
6322
6332
6457
6451
6600
6582
6495
6777
6725
6659
6951
6904
7003
7177
7154
7228
7295
7443
7342
7431
7534
7553
7597
7639
7752
7868
7929
7994
7938
8200
8238
8331
8270
8406
8523
8431
8459
8466
8644
8761
8708
8944
9065
9051
8988
9221
9299
9320
9536
9455
9548
9582
9845
9730
9981
9939
10012
9896
10273
10154
10342
10471
10466
10490
10553
10587
10781
10772
10975
10949
10972
10845
11140
11324
11344
11311
11484
11398
11476
11851
11680
11774
11836
12129
12185
12190
12079
12254
12454
12226
12497
12534
12507
12686
12971
12875
13054
13021
13144
13382
13360
13255
13124
13625
13585
13868
13824
13984
14229
13753
14137
14266
14133
14266
14517
14540
14527
14409
14704
14825
14919
15042
15100
15342
15121
15441
15439
15491
15578
15651
16066
15688
15704
16271
16277
16255
16222
16492
16337
16169
16542
16662
16856
16638
17158
16890
17032
513752
16482
16197
16396
16399
16880
17032
16683
16747
17020
17141
17297
17361
17420
17229
17422
17608
17531
17974
17909
17902
18014
18141
18406
18190
18515
18624
18647
18545
18953
18754
18787
19031
18853
19505
19316
19510
19160
19556
19665
19868
19763
19789
19897
20174
20271
20492
20463
1578419
20880
21191
20971
21239
21428
21261
21490
21431
21718
21640
21697
21835
21928
22166
22090
22364
22368
22396
22158
22517
22680
22787
22762
22924
22886
22847
22921
23294
23236
23500
23215
23582
23750
23751
23787
23493
23856
23931
24276
24041
24452
24546
24411
24507
24461
24612
24785
2838327
28929
29130
29088
28926
28936
29311
29208
29446
29445
29333
29277
29344
29084
29846
29615
29517
29632
29616
29968
29799
29949
29932
30253
29851
30159
30054
30135
30182
30513
30312
30225
29970
30418
30411
30595
30560
31071
30669
30919
31251
30784
30767
31020
30941
30891
31047
31322
3562212
37800
38142
37731
37726
37870
37696
37481
38049
38039
38007
37903
37837
37667
37813
37969
38016
37958
38287
38183
37651
37964
38032
37790
37697
37831
38034
37866
38319
38045
38202
38075
38356
38119
38168
38189
38125
38365
38276
37839
37978
38326
37963
37656
38076
38288
38233
38235
3228059
45809
45900
45524
45695
45736
45899
45616
46054
45848
45791
45854
45780
45652
45821
45225
45699
45479
45409
45551
45814
45858
45463
45725
45883
45612
45421
45420
45262
45872
45540
45687
45565
45615
45468
45702
45711
45571
45896
45367
45743
45644
45176
45727
44987
45453
45552
45884
2406600
53330
52860
53344
52685
53290
53150
53042
53313
53359
53135
53343
53384
53001
53154
53239
53331
53440
52977
52718
53027
53342
53353
53678
53258
53410
52931
53466
53085
53217
52776
53188
53252
52783
52847
53131
53178
53035
53160
52537
53232
53101
52599
53155
52649
53229
52787
52812
1758598
59868
59777
59728
60377
60114
59777
59581
60472
59920
60154
59826
60454
60085
59919
60074
59853
59850
60373
60097
60238
59528
59951
60177
60351
60273
60225
60332
60417
60004
59832
59885
59915
60132
59773
59582
59805
59941
59914
60010
60055
59836
59671
59865
60388
60129
60099
59628
1250260
65127
65733
65359
65393
65491
65403
65896
65184
65589
65525
65338
66017
65232
65354
65265
65837
65540
65410
65519
65957
65845
65524
65561
65177
65895
65490
65660
65883
65214
65695
65351
65460
65661
65402
64932
65243
65265
65336
65514
65305
65408
65457
65390
65435
65323
65319
65394
755667
68756
69024
68254
69151
68517
68836
68522
68566
68690
68822
67771
68393
68525
68803
68928
68086
69064
68877
68510
68521
68531
68267
68671
69523
68643
68451
68512
68900
68610
68864
68670
68868
68645
68650
68303
68550
68559
68030
68582
68646
68365
68277
68993
68232
68445
67991
68337
413993
70937
70462
70197
70501
70204
69990
70233
70400
70182
70250
70053
70369
70339
69936
70484
70162
69908
69836
69924
70191
69480
69852
70015
69906
69966
69564
70150
70378
69482
70020
69554
70041
69795
70081
69998
69630
70031
70102
69459
69896
68972
69414
69515
69743
69744
70064
69667
248704
70679
70543
70928
70544
70599
70849
70792
69968
70608
70100
70581
70262
71005
70194
70850
70493
70903
70798
70444
70299
70378
70078
70166
70327
70496
70538
70354
69771
70510
69861
69996
70246
70150
69824
70529
70222
69875
69751
69759
69734
69993
69803
69617
69544
69826
69679
69304
166142
69947
70260
70571
69737
70218
69921
70103
70141
69747
69747
70276
69850
69721
69865
69480
69047
69978
69723
69833
69326
70049
69298
69824
69276
69382
69607
68990
69406
69096
69062
68861
68810
69350
68351
68844
69114
68826
69250
68355
68411
68495
69007
68468
68237
68826
68334
68103
112969
68865
68476
68511
68655
68351
68610
68411
68117
68096
68384
68521
68151
68106
68414
68171
67859
68379
67594
67576
67240
67998
67710
68049
67346
67672
68002
67638
67949
67616
67018
67213
67447
66961
67388
67874
67036
67084
66904
67738
66340
67143
66694
67393
66642
66819
66423
66670
84685
66549
66650
66730
66967
66717
66660
66696
66710
66552
66624
66413
66132
66757
66190
66231
65992
66075
66447
66300
66154
65783
65955
66209
65677
65662
65891
65917
65337
65679
65075
65689
65727
65817
65100
65409
65538
65532
65435
65567
65272
64970
64951
64906
65348
65086
64516
64752
72953
65178
65196
65073
64735
65155
64585
64268
64573
64368
64775
64563
64774
64465
64293
64015
64503
64779
64260
63801
64765
64042
64291
64540
64322
64103
63844
63980
64005
64172
64161
63795
63566
63850
63657
63968
63479
63259
63694
64500
63417
64023
64077
63575
63601
63333
63316
63079
66710
63216
62972
63626
63176
63060
62819
62926
62929
62942
63106
62971
63069
62564
62586
63020
62948
62800
62645
62836
62263
62381
62934
62745
62918
62599
62335
62550
62527
62222
62239
62537
62816
62232
62526
62275
61926
62382
61962
62426
62131
61827
62069
61866
62299
61923
61979
61733
63224
62000
60861
61018
61462
61569
61265
61483
62050
61520
61359
61471
60954
61359
61369
61060
61029
60825
60619
60903
60870
60642
61101
60713
60587
60419
60603
60058
60163
60562
60185
60306
60291
60451
60272
60372
60018
60312
59805
59651
60012
60309
59672
59684
59587
59755
59279
59573
60012
59266
59247
59517
59593
59540
59140
59140
58936
59289
59104
58959
58982
58985
58565
58564
58684
58694
58247
59060
58404
58142
58456
58152
58180
58299
58055
58005
57609
57819
57471
57504
58257
57554
57418
57618
57479
57468
57047
57181
56701
57545
56963
56709
57015
56827
56747
56880
56974
56515
56720
56753
56065
56155
55751
56300
55823
55976
55563
56092
55753
55969
55609
55886
55440
55498
55348
55809
55169
55648
54916
55169
55073
54929
55067
54551
54953
54413
54770
54595
54424
54782
54178
54144
54305
54041
54326
54193
53794
53856
54217
53873
53831
53443
53740
53406
53582
53510
53524
53139
53367
53072
53154
53197
53595
52519
52958
53132
52228
52659
52544
52646
52763
52480
52341
52604
51710
52255
51911
52011
51756
51966
51668
52121
51675
51169
51420
51267
51780
51175
51257
51377
51038
51342
50940
50970
50246
50587
50666
50630
49967
50615
50615
50564
50481
49826
49863
49979
49826
49787
49508
49423
49679
49448
50060
49044
49007
49342
49512
49203
49034
49162
49530
49124
48553
48586
48741
48800
48881
48484
48440
48747
48007
47891
48431
48103
48038
48216
47813
48221
47305
48166
47906
47864
48042
48101
47408
47578
47554
47565
47267
47267
47063
46832
46914
47019
47023
46448
46540
46655
46591
46230
46517
46718
46336
46025
46495
45996
45793
46398
45843
46060
45710
45589
45762
45547
45562
45508
45636
45335
45369
45016
45027
45022
45418
45033
44993
44909
44559
44603
45042
44295
44358
44206
44225
44077
44280
44488
44158
43866
43594
43823
43780
43713
43580
43530
43770
43758
43554
43652
43304
42984
43253
43299
43012
43127
42831
43213
42871
42559
43077
42838
42466
42538
42843
42120
42127
42193
42123
42027
42031
42005
41852
41966
41808
41596
41733
41333
41633
41474
41459
41684
41372
41349
40804
41156
40799
41103
40718
40611
40787
40682
40626
40591
40310
40741
40151
40520
40260
40007
40162
39893
40037
39660
40106
39788
40031
39726
39343
39467
39600
39217
39452
39385
39091
39392
38977
39016
38916
38717
38889
38439
38721
38636
38500
38633
38384
38469
38292
38328
37969
38007
37764
37455
38047
37732
37673
37910
37641
37519
37665
37704
37276
37463
37320
37336
36997
37222
37168
37064
36737
36861
36776
36474
36368
36478
36652
36451
36167
36222
36395
35948
36142
36240
36113
36304
36033
36094
35496
36140
35576
35677
35615
35781
35333
35228
35257
35241
34885
35185
35297
35023
35234
34761
35005
34713
34854
34325
34496
34697
34485
34189
34592
34141
34337
34054
33834
34012
33960
34207
33960
33802
33776
33756
33536
33540
33231
33860
33471
33472
33266
32774
33145
33002
33128
33125
32890
32811
32558
32718
32687
32389
32758
32245
32480
32476
32669
32421
32135
31883
32200
31753
31990
32102
31658
31970
31811
31911
31665
31398
31333
31488
31243
31260
31101
31245
31125
31003
31140
31235
30831
30864
30600
31195
30813
30563
30491
30305
30630
30612
30539
30192
30366
30128
30192
29882
30010
29891
29610
29833
29588
29758
29709
29611
29533
29753
29560
29363
29320
29374
29315
29072
29272
28802
29062
29272
29071
29282
28561
28610
28899
28599
29074
28404
28589
28577
28437
28777
28202
28476
28262
28024
28193
28182
28151
27881
28246
28032
27688
27434
27563
27746
27623
27437
27522
27468
27297
27507
26928
27341
27139
27240
26948
27060
26841
27023
26563
26785
26704
26778
26751
26797
26456
26267
26667
26898
26094
26313
26258
26318
25893
26000
26282
26215
26123
25854
25963
25965
25802
26009
25757
25746
25622
25770
25455
25549
25597
25406
25460
25418
25469
25154
25216
25088
25227
24930
25153
24989
24825
24926
24818
24928
24665
24948
24726
24715
24632
24622
24317
24282
24409
24581
24271
24129
23719
24154
24106
24335
24028
23808
23934
24100
23716
24138
23610
23784
23664
23812
23632
23676
23658
23388
23326
23669
23456
23481
23313
23195
23179
23259
23326
23132
22995
23024
22803
22884
22821
22819
22605
22615
22613
22637
22677
22675
22811
22573
22636
22471
22398
22353
22448
22146
22075
22016
21916
21779
22222
22097
22030
21873
22145
21891
21674
21814
21816
21635
21750
21776
21475
21281
21857
21277
21251
21331
21564
21395
21155
21095
21007
21193
21160
21062
20874
21062
20896
21056
21086
20773
20735
20915
21087
20865
20685
20655
20565
20415
20552
20432
20310
20273
20360
20467
20034
20080
20073
20316
20401
20099
19978
20065
20033
20147
19972
19739
19890
19716
19780
19847
19624
19435
19651
19363
19332
19337
19322
19518
19315
19241
19554
19354
19209
19206
19046
19226
19122
18943
19057
18987
18998
18832
19045
18820
18710
18979
18905
18876
18643
18682
18333
18457
18441
18445
18410
18479
18221
18411
18577
18499
18054
18059
18261
18337
18132
18162
18052
17935
18029
17715
17517
17888
17517
17586
17769
17618
17696
17320
17582
17514
17354
17477
17539
17509
17633
17368
17439
17028
17379
16981
17118
17213
17105
17147
17322
16697
16966
16970
16820
16738
16775
16776
16674
16618
16573
16538
16312
16281
16578
16496
16306
16594
16434
16396
16389
16076
16220
16371
16336
16133
16210
16168
16037
16092
16019
15768
15849
15942
16008
15751
15632
15640
15778
15556
15557
15308
15473
15481
15687
15348
15338
15121
15144
15186
15244
15207
15318
15055
15206
14742
15016
15065
14957
15111
14952
15141
14944
14887
14656
14794
14674
14681
14766
14736
14677
14527
14387
14479
14390
14221
14408
14281
14405
14361
14377
14123
14019
14233
14269
14094
14042
13986
14111
13906
13914
13929
13902
14050
13828
13853
13583
13755
13758
13922
13598
13569
13700
13343
13444
13656
13370
13411
13260
13322
13219
13401
13313
13556
13397
13256
13174
13206
13015
12966
13011
13033
13046
13006
13129
12817
12770
12763
12872
12952
12809
12968
12778
12511
12577
12576
12547
12376
12637
12533
12347
12418
12297
12461
12396
12335
12162
12247
12372
12109
12287
12324
12017
12131
12042
12132
12076
12073
12033
11759
11991
11842
12151
11922
11771
11819
11745
11746
11653
11651
11709
11645
11765
11458
11634
11655
11481
11513
11399
11446
11540
11272
11354
11431
11301
11337
11131
11231
11294
11115
11158
10838
11026
10974
10915
11097
10764
10906
10853
10710
10955
10643
10878
10708
10773
10751
10713
10826
10544
10471
10345
10601
10614
10670
10583
10431
10415
10283
10319
10382
10493
10317
10504
10251
10204
10152
10354
10304
10245
10039
9973
9864
10018
9992
9980
10096
10031
10027
9840
9896
9789
9685
9771
9951
10065
9723
9737
9560
9606
9689
9845
9754
9707
9460
9683
9295
9451
9563
9391
9517
9393
9289
9507
9421
9286
9346
9505
8981
9238
9168
9231
9285
9316
9087
9108
9059
9091
9094
9148
8837
8929
9057
8862
8661
8874
8780
8796
8858
8769
8750
8698
8681
8789
8849
8674
8723
8731
8522
8619
8604
8566
8434
8433
8447
8650
8357
8616
8269
8269
8297
8264
8480
8294
8206
8295
8372
8043
8223
8294
8088
8148
7962
8104
8002
7960
7966
8041
8030
7993
7911
8015
7895
7882
7841
7751
7890
7717
7860
7758
7973
7710
7794
7629
7637
7766
7700
7533
7638
7578
7623
7633
7632
7483
7497
7412
7527
7380
7516
7352
7445
7400
7192
7381
7238
7284
7190
7252
7114
7287
7319
7230
7155
7141
7060
7042
7054
7057
7049
7079
7007
7001
6952
7110
6942
6974
7070
6931
6867
6799
6736
6706
6841
6887
6820
6846
6633
6707
6704
6574
6706
6589
6728
6648
6789
6511
6593
6623
6636
6440
6599
6687
6468
6576
6507
6648
6364
6431
6438
6400
6372
6546
6353
6304
6334
6408
6155
6245
6305
6338
6181
6291
6091
6249
6086
6213
6075
6013
6226
6139
6041
5991
6051
6161
5921
6229
6088
6031
6085
5954
5881
5819
6063
5838
5834
5908
5694
5793
5748
5942
5785
5752
5790
5851
5582
5708
5757
5658
5624
5687
5655
5715
5652
5658
5562
5584
5372
5596
5509
5364
5456
5447
5492
5408
5423
5363
5373
5383
5503
5253
5357
5464
5280
5309
5439
5440
5220
5411
5182
5159
5238
5288
5203
5139
5044
5148
5124
5212
5127
5118
5117
5114
5072
5099
5080
4956
5089
4935
4984
5032
5017
4994
4894
4983
4938
4915
4941
5011
4885
4842
4947
4818
4903
4839
4868
4931
4845
4875
4750
4755
4706
4706
4768
4782
4750
4642
4666
4713
4637
4559
4694
4670
4633
4583
4669
4524
4456
4465
4534
4528
4554
4552
4586
4402
4472
4458
4412
4446
4463
4505
4390
4313
4412
4325
4345
4305
4417
4407
4241
4300
4235
4246
4306
4270
4258
4352
4270
4156
4207
4183
4186
4226
4147
4142
4240
4200
4134
4033
4116
4101
4104
4084
4167
3968
4005
4058
4045
3907
4023
3923
4081
4013
3970
3991
3948
4093
3959
4002
3918
3890
3833
3837
3896
3913
3936
3761
3832
3798
3853
3829
3796
3772
3697
3778
3700
3666
3735
3733
3712
3605
3602
3629
3622
3751
3721
3667
3544
3676
3580
3560
3609
3573
3525
3600
3545
3559
3544
3580
3497
3611
3527
3640
3435
3601
3400
3470
3420
3542
3553
3496
3457
3367
3430
3380
3399
3422
3363
3340
3422
3304
3345
3366
3300
3385
3329
3229
3328
3190
3302
3284
3424
3276
3250
3292
3191
3201
3323
3224
3152
3212
3174
3246
3016
3191
3153
3186
3089
2999
3010
3126
3005
2981
3122
3082
3076
2927
3020
3024
3021
3000
2982
3040
2877
2988
2925
2998
2951
2978
2945
2849
2969
2852
2823
2881
2866
2931
2936
2844
2890
2796
2843
2757
2869
2862
2821
2922
2775
2804
2900
2831
2723
2707
2698
2802
2771
2631
2803
2669
2680
2620
2691
2805
2642
2618
2666
2602
2665
2653
2668
2727
2677
2672
2641
2700
2630
2599
2600
2611
2602
2588
2611
2561
2584
2654
2529
2534
2529
2505
2473
2425
2458
2478
2518
2346
2462
2462
2423
2385
2392
2498
2426
2465
2413
2404
2365
2385
2430
2375
2331
2413
2383
2390
2311
2242
2268
2404
2406
2376
2420
2355
2320
2252
2281
2254
2292
2274
2257
2254
2299
2223
2204
2248
2225
2203
2280
2282
2186
2201
2145
2160
2144
2147
2078
2164
2088
2138
2119
2076
2125
2107
2008
2147
2086
2126
2048
2104
2112
2077
2084
2091
2084
2093
2063
2033
2054
1973
2024
2009
2025
2032
1967
2001
1954
1979
1999
1971
1959
1995
1907
2034
1919
1887
1901
1934
1944
1898
1971
1957
1848
1857
1865
1841
1877
1831
1908
1816
1872
1897
1864
1819
1806
1839
1861
1903
1842
1841
1810
1824
1906
1872
1853
1726
1765
1786
1856
1765
1729
1755
1771
1796
1721
1644
1780
1807
1697
1700
1733
1761
1713
1724
1682
1655
1683
1666
1687
1649
1589
1582
1648
1673
1696
1602
1657
1613
1612
1618
1699
1604
1578
1601
1606
1613
1597
1597
1589
1608
1618
1512
1593
1538
1515
1497
1556
1568
1505
1502
1584
1533
1510
1559
1593
1500
1466
1606
1521
1433
1479
1522
1485
1423
1580
1429
1437
1496
1439
1431
1435
1457
1386
1452
1506
1427
1446
1422
1324
1404
1400
1305
1428
1482
1442
1404
1397
1378
1433
1377
1379
1322
1337
1303
1327
1361
1364
1322
1329
1250
1383
1279
1336
1352
1276
1286
1325
1334
1336
1272
1297
1270
1215
1275
1303
1251
1253
1262
1274
1331
1267
1257
1246
1271
1256
1196
1228
1259
1230
1277
1237
1245
1211
1226
1139
1177
1190
1172
1198
1159
1216
1208
1240
1143
1190
1206
1120
1137
1147
1181
1132
1171
1161
1171
1161
1181
1141
1104
1135
1105
1088
1122
1057
1113
1086
1057
1068
1156
1147
1122
996
1026
1125
1053
1060
1084
1100
1137
1110
1053
1074
1013
1061
1024
1014
1039
1063
1040
1057
1060
1026
1046
1013
1039
1045
986
988
1062
1042
990
1047
1026
974
947
985
939
963
1041
966
963
969
976
940
959
945
951
963
940
926
987
972
1001
941
956
972
899
911
906
949
961
881
898
853
940
910
894
892
916
940
894
876
938
871
907
889
871
896
829
882
815
868
882
890
895
842
849
878
881
867
870
844
901
855
832
850
845
833
835
815
824
854
806
819
795
857
809
801
788
831
806
804
764
767
803
779
698
761
777
792
730
777
781
772
732
721
754
692
779
806
783
750
709
761
757
742
683
719
742
710
719
772
744
716
736
729
725
697
723
683
706
684
708
721
710
709
683
693
679
681
676
650
649
634
714
704
665
693
685
674
721
610
685
660
624
629
673
624
622
700
667
691
640
699
632
636
649
607
602
638
655
668
578
618
601
634
612
612
591
582
615
617
615
585
636
573
620
617
614
619
585
586
583
611
616
596
550
554
616
570
570
583
579
590
568
564
592
559
546
561
576
552
540
518
569
587
546
575
536
576
566
566
581
579
537
555
546
524
565
544
518
527
567
540
534
497
588
536
508
536
517
494
505
483
536
486
514
545
495
507
510
534
513
461
479
482
469
519
490
493
499
487
498
463
478
458
517
441
505
437
454
435
477
441
455
501
477
451
406
439
469
494
493
439
457
461
453
477
469
446
442
420
439
467
424
410
442
419
383
441
456
452
432
444
429
441
417
430
415
411
415
420
384
413
434
396
412
424
413
409
389
414
384
409
423
396
430
377
388
424
409
400
350
426
387
414
374
386
380
391
389
367
362
388
387
366
380
410
398
355
369
361
350
374
362
391
345
351
364
344
326
375
339
361
359
379
390
316
336
348
363
356
354
304
346
340
368
368
359
358
370
382
345
352
362
320
343
334
310
336
346
314
329
324
344
329
326
333
305
328
320
294
305
324
306
330
297
331
257
355
311
309
316
290
303
319
280
311
300
276
287
317
293
298
308
295
304
300
320
298
259
288
294
265
310
309
288
285
306
299
278
272
272
285
256
285
258
315
254
303
300
287
256
259
265
261
273
250
272
261
238
291
308
234
298
265
250
280
279
295
272
268
234
259
249
231
270
273
241
267
265
245
249
267
269
237
233
251
231
267
254
242
251
261
212
230
235
209
225
246
226
218
240
223
228
259
240
209
231
227
234
217
220
216
228
231
222
221
207
223
208
228
220
236
215
237
228
216
188
224
253
214
228
188
209
211
204
225
212
204
212
228
220
217
204
209
175
208
210
203
195
207
210
211
190
174
182
198
192
196
211
155
187
201
206
221
190
212
221
183
187
171
155
193
197
186
164
211
177
175
206
188
182
198
169
181
186
177
203
197
176
187
171
180
191
184
195
183
171
177
150
156
181
176
152
173
164
178
169
181
176
165
155
164
169
163
192
161
171
160
165
155
160
166
131
166
155
180
156
154
149
143
147
175
170
152
134
136
150
152
174
156
150
142
159
143
159
143
160
146
147
154
143
140
125
155
149
149
128
122
141
149
138
176
155
152
126
145
141
122
146
132
143
129
129
118
124
142
169
149
128
119
124
142
122
142
116
135
150
139
119
117
140
140
135
126
135
115
131
118
147
142
134
142
124
128
145
132
142
129
112
134
118
122
130
122
124
95
131
114
128
125
128
123
113
112
147
106
119
121
119
126
119
119
106
120
117
120
96
110
125
112
118
115
125
120
97
108
96
121
101
113
108
93
96
117
102
103
112
102
96
105
103
87
116
90
96
110
115
114
99
106
110
119
106
123
82
108
85
97
100
95
113
92
87
101
94
100
110
105
92
105
113
89
81
96
83
88
79
117
96
98
102
80
112
96
100
95
85
88
73
101
71
84
79
90
71
85
94
76
91
82
85
81
88
83
90
83
82
78
90
89
62
65
69
71
96
92
81
81
85
96
92
85
80
76
82
74
94
75
88
85
84
86
74
74
70
96
86
84
104
79
76
71
73
81
75
74
70
77
79
64
79
85
73
60
66
56
70
67
70
69
76
74
84
83
84
72
62
52
75
68
58
64
67
71
53
61
88
69
71
62
73
70
67
60
53
59
70
73
79
68
61
65
65
76
66
79
56
74
63
56
59
68
75
56
75
68
67
54
48
58
54
66
69
67
60
62
60
58
63
80
53
56
70
60
67
61
58
67
56
53
68
54
53
53
67
57
54
60
51
61
38
64
67
47
46
50
48
43
38
45
53
59
45
46
47
41
49
53
53
48
51
66
54
60
65
48
55
43
57
63
51
51
52
49
54
54
51
43
52
45
56
46
38
45
44
44
50
43
55
42
35
41
46
49
42
41
49
49
47
46
52
40
43
34
38
45
40
43
45
47
45
54
50
45
40
52
37
44
49
46
45
35
43
37
37
43
43
38
57
47
36
39
50
44
36
50
47
35
30
42
39
39
55
42
45
34
41
43
46
27
35
49
46
39
41
37
19
30
44
41
45
35
32
51
41
54
48
21
32
36
33
41
23
37
31
32
34
34
44
35
39
39
22
36
28
34
40
34
28
36
31
25
39
35
32
30
27
34
41
33
33
31
32
34
24
43
22
30
30
34
35
44
29
36
26
33
25
40
34
31
25
25
21
30
34
30
36
27
43
27
25
24
23
21
30
25
31
30
27
30
28
26
24
28
40
39
28
32
35
28
33
25
28
26
27
29
32
24
29
29
26
26
24
33
27
37
31
20
20
31
23
19
30
27
28
33
28
22
31
25
32
25
17
27
17
24
31
22
20
23
29
27
27
22
31
28
28
33
36
21
24
19
23
35
23
23
29
26
19
25
15
24
15
23
24
24
17
26
13
25
35
28
23
18
22
20
28
17
20
25
27
13
27
19
24
22
20
28
18
19
24
25
22
23
21
31
23
25
22
22
20
17
26
15
24
18
18
20
21
21
27
16
16
22
13
12
22
13
20
20
25
26
19
22
12
16
18
13
22
17
26
18
17
19
19
20
21
15
10
23
14
17
19
22
13
14
15
27
17
23
16
17
18
11
21
20
13
14
14
11
14
23
21
22
12
15
13
15
16
15
22
18
21
15
22
24
15
11
15
23
16
18
15
24
14
20
11
13
16
13
20
23
15
11
17
17
11
21
20
13
9
11
17
11
13
19
18
11
18
18
16
9
11
17
10
12
17
11
19
18
13
9
19
7
9
15
13
17
13
17
21
12
14
17
9
13
12
18
7
17
19
13
10
15
15
12
10
10
15
16
10
7
19
19
12
10
14
11
10
13
12
10
10
14
14
12
11
8
13
7
17
9
11
8
14
12
14
11
12
8
7
10
15
8
9
17
9
11
13
11
8
10
10
15
12
7
9
13
11
13
13
20
6
7
11
7
4
10
10
16
11
14
6
6
11
8
12
12
10
9
10
9
7
17
10
6
10
7
5
13
8
1
11
12
14
13
13
8
7
16
7
8
9
9
8
12
9
13
9
8
14
14
7
10
6
13
7
10
11
8
10
7
9
3
8
9
11
4
7
8
7
5
5
6
9
13
7
5
10
12
10
11
8
10
11
4
12
14
4
12
6
10
15
10
10
5
3
8
12
4
9
4
11
12
8
7
4
8
6
14
8
7
3
11
7
9
7
10
3
9
14
6
8
8
6
2
11
8
6
5
4
6
4
11
5
5
4
7
3
12
5
5
5
2
6
5
7
10
4
7
7
7
4
5
3
6
7
5
5
9
7
3
5
3
7
3
13
10
5
5
4
7
5
7
9
3
3
6
11
8
9
6
7
7
6
3
6
13
2
12
7
7
5
5
2
3
4
4
4
2
8
4
6
6
8
4
4
2
4
6
5
9
6
5
7
1
2
7
10
4
4
5
8
5
8
7
4
3
6
2
5
7
5
8
3
6
3
6
6
7
3
8
5
7
2
3
2
2
6
5
3
4
6
9
6
3
7
4
2
6
4
8
2
0
3
5
4
1
4
9
4
5
3
3
7
2
2
5
5
4
5
4
3
7
4
5
4
6
3
4
1
4
5
6
3
1
8
3
1
5
5
4
3
3
3
2
3
4
6
2
6
8
7
4
1
7
3
4
5
4
1
2
1
5
0
3
3
5
2
5
4
4
1
1
4
3
5
3
4
7
2
4
4
6
3
5
3
2
5
4
6
2
2
1
4
3
3
5
4
5
3
0
4
3
1
3
3
0
1
1
7
0
4
5
3
2
4
3
1
2
1
2
2
3
4
3
5
2
4
3
5
2
2
4
1
2
1
6
2
6
4
3
0
2
3
0
3
3
4
2
1
3
3
4
3
2
2
5
5
4
1
1
3
2
2
1
3
3
5
2
0
4
2
3
3
3
1
2
0
4
5
3
0
4
3
1
2
2
5
1
2
4
0
0
2
1
2
2
5
7
2
2
1
8
1
3
1
2
3
1
0
2
1
1
0
3
4
2
1
0
2
4
3
2
2
2
2
2
3
0
1
4
2
3
0
1
1
1
1
2
4
2
2
4
0
2
0
0
2
1
1
4
1
2
2
2
5
4
0
1
1
0
1
3
1
3
1
3
2
1
2
0
1
4
1
1
2
2
1
1
0
0
2
1
1
0
3
2
1
1
3
2
1
2
1
1
0
2
2
0
0
6
3
2
2
1
3
3
1
0
2
4
1
1
2
2
0
1
0
5
3
2
2
3
2
1
0
2
3
2
3
3
2
3
0
0
0
0
1
2
0
0
0
2
0
0
2
0
2
3
2
1
1
3
0
2
1
0
0
3
0
1
2
0
1
1
2
2
1
2
0
1
2
2
4
2
1
0
3
2
0
3
0
0
0
1
2
1
3
2
0
1
4
0
3
0
2
0
0
1
1
2
1
2
2
0
1
2
2
2
1
0
1
0
1
2
0
0
0
1
1
1
0
2
1
0
2
0
0
2
2
1
0
1
0
2
0
0
0
1
2
2
0
0
0
0
1
0
0
0
3
2
0
1
0
1
2
1
1
1
0
0
0
2
0
1
2
2
0
0
0
1
3
1
3
2
1
1
0
1
0
0
1
0
1
0
0
1
1
1
0
1
0
1
2
1
1
0
1
2
1
0
1
2
0
0
2
1
1
3
1
0
2
1
1
0
1
0
1
0
4
1
0
1
0
1
0
0
0
0
1
0
1
0
0
0
1
0
0
1
0
1
3
0
1
0
1
1
0
0
0
1
3
1
0
1
0
1
1
1
0
3
1
4
1
0
0
0
1
0
0
0
0
0
1
1
0
2
2
1
0
1
0
0
1
1
1
0
1
0
0
1
1
2
1
0
0
0
0
0
1
0
0
2
1
1
0
0
0
1
0
1
1
0
0
1
0
0
0
0
0
0
0
1
0
0
1
1
0
0
0
0
0
0
0
0
1
0
1
0
1
1
0
1
0
1
0
0
0
0
0
0
0
1
0
0
0
0
0
0
1
0
2
0
0
0
1
0
0
0
2
1
0
0
2
0
0
1
0
2
1
0
0
0
1
0
0
1
0
1
0
0
0
0
1
0
0
0
1
1
0
0
2
0
0
0
0
0
0
0
0
0
1
0
1
1
0
0
0
1
0
0
0
0
0
0
1
0
0
1
0
0
0
1
0
0
1
0
1
1
0
1
0
1
1
0
0
1
0
0
0
0
1
0
0
0
1
0
0
1
0
0
0
0
0
1
0
0
0
0
0
0
0
0
0
0
0
0
1
0
1
0
1
0
0
0
0
0
0
0
0
0
0
1
0
0
0
0
1
1
0
0
0
0
1
1
1
0
1
0
0
0
0
0
0
0
0
0
0
0
1
0
0
0
0
0
0
0
0
0
0
0
0
0
0
1
0
0
0
2
0
0
0
1
0
0
0
0
0
0
0
0
0
0
0
0
0
0
0
0
1
0
1
1
0
0
1
0
0
2
1
1
0
0
0
0
0
0
0
0
1
1
0
0
0
0
0
1
0
0
0
0
1
0
0
0
0
0
0
0
2
0
0
0
0
0
0
0
0
1
0
0
0
0
0
0
0
0
0
0
0
0
0
0
0
0
0
0
1
0
0
0
1
1
0
0
0
0
0
0
0
0
0
0
0
0
1
0
1
0
1
0
0
0
1
1
0
0
1
1
0
1
0
0
0
0
1
0
0
0
0
0
0
1
0
0
0
0
0
0
0
1
0
0
1
0
0
0
0
0
0
0
0
1
0
0
0
1
0
0
0
0
0
0
0
0
0
0
1
0
0
0
0
0
0
0
1
1
0
0
0
0
0
0
0
1
0
0
1
0
0
0
0
0
0
0
0
0
0
0
0
0
0
0
0
0
0
0
0
1
0
0
0
1
0
0
0
0
0
0
0
0
0
0
0
0
0
0
1
0
0
0
1
0
0
0
0
0
0
0
0
0
0
0
0
0
0
0
0
0
0
1
0
0
0
0
0
0
0
0
0
0
0
1
0
0
0
0
0
0
0
0
0
0
0
1
0
0
0
0
0
0
0
0
0
0
0
0
0
0
0
0
0
0
0
0
0
0
0
2
1
0
0
0
0
1
0
1
0
0
0
0
0
0
0
0
0
1
0
0
0
0
0
1
1
0
0
0
0
0
0
0
1
1
0
0
0
0
0
0
0
1
0
1
0
0
0
0
0
0
0
0
0
0
0
1
0
0
0
0
0
0
0
0
0
0
0
0
0
0
0
0
0
0
0
0
0
0
0
0
0
0
0
0
0
0
0
0
0
0
0
0
0
0
0
0
0
0
0
0
0
0
0
0
0
0
0
0
1
0
0
0
0
0
0
0
0
0
0
0
0
0
0
0
0
1
0
0
0
0
0
0
0
0
0
0
0
0
0
0
0
0
0
0
0
0
0
0
0
0
0
0
0
0
0
0
0
0
0
0
0
0
0
0
0
0
0
0
0
0
1
0
0
0
0
0
0
0
0
0
0
0
0
0
0
0
0
0
0
0
0
0
0
0
0
0
1
0
0
0
0
0
0
0
0
0
0
0
0
0
0
0
0
0
0
0
0
0
0
0
0
0
1
0
0
1
0
0
0
0
0
0
0
0
0
0
0
0
0
0
0
0
0
0
0
0
0
0
0
0
0
0
0
0
0
0
0
0
0
0
0
0
0
0
0
0
0
0
0
0
0
0
0
0
0
0
0
0
0
1
0
0
0
0
0
0
0
0
0
0
0
0
0
0
0
0
0
0
0
0
0
0
0
1
0
0
0
0
0
0
0
0
0
0
0
0
0
0
0
0
0
0
0
0
0
0
0
0
0
0
0
0
0
0
0
0
0
0
0
0
0
0
0
0
0
0
0
0
0
0
0
0
0
0
0
0
0
0
0
0
0
0
0
0
0
0
0
0
0
0
0
0
0
0
0
0
0
0
0
0
0
0
0
0
0
0
0
0
0
0
0
0
0
0
0
0
0
0
0
0
0
0
0
0
0
0
0
0
0
0
0
0
0
0
0
0
0
0
0
0
0
0
0
0
0
0
0
0
0
0
0
0
0
0
0
0
0
0
0
0
0
0
0
1
0
0
0
0
0
0
0
0
0
0
0
0
0
0
0
0
0
0
0
0
0
0
0
0
0
0
0
0
0
0
0
0
0
0
0
0
0
0
0
0
0
0
0
0
0
0
0
0
0
0
0
0
0
0
0
0
0
0
0
0
0
0
0
0
0
0
0
0
0
0
0
0
0
0
0
0
0
0
0
0
0
0
0
0
0
0
0
0
0
0
0
0
0
0
0
0
0
0
0
0
0
0
0
0
0
0
0
0
0
0
0
0
0
0
0
0
0
0
0
0
0
0
0
0
0
0
0
0
0
0
0
0
0
0
0
0
0
0
0
0
0
0
0
0
0
0
0
0
0
0
0
0
0
0
0
0
0
0
0
0
0
0
0
0
0
0
0
0
0
0
0
0
0
0
0
0
0
0
0
0
0
0
0
0
0
0
0
0
0
0
0
0
1
0
0
0
0
0
0
0
0
0
0
0
0
0
0
0
0
0
0
0
0
0
0
0
0
0
0
0
0
0
0
0
0
0
0
0
0
0
0
0
0
0
0
0
0
0
0
0
0
0
0
0
0
0
0
0
0
0
0
0
0
0
0
0
0
0
0
0
0
0
0
0
0
0
0
0
0
0
0
0
0
0
0
0
0
0
0
0
0
0
0
0
0
0
0
0
0
0
0
0
0
0
0
0
0
0
0
0
0
0
0
0
0
0
0
0
0
0
0
0
0
0
0
0
0
0
0
0
0
0
0
0
0
0
0
0
0
0
0
0
1
0
0
0
0
0
0
0
0
0
0
0
0
0
0
0
0
0
0
0
0
0
0
0
0
0
0
0
0
0
0
0
0
0
0
0
0
0
0
0
0
0
0
0
0
0
0
0
0
0
0
0
0
0
0
0
0
0
0
0
0
0
0
0
0
0
0
0
0
0
0
0
0
0
0
0
0
0
0
0
0
0
0
1
0
0
0
0
0
0
0
0
0
0
0
0
0
0
0
0
0
0
0
0
0
0
0
0
0
0
0
0
0
0
0
0
0
0
0
0
0
0
0
0
0
0
0
0
0
0
0
0
0
0
0
0
0
0
1
0
0
0
0
0
0
0
0
0
0
0
0
0
0
0
0
0
0
0
0
0
0
0
0
0
0
0
0
0
0
0
0
0
0
0
0
0
0
0
0
0
0
0
0
0
0
0
0
0
0
0
0
0
0
0
0
0
0
0
0
0
0
0
0
0
0
0
0
0
0
0
0
0
0
0
0
0
0
0
0
0
0
0
0
0
0
0
0
0
0
0
0
0
0
0
0
0
0
0
0
0
0
0
0
0
0
0
0
0
0
0
0
0
0
0
0
0
0
0
0
0
0
0
0
0
0
0
0
0
0
0
0
0
0
0
0
0
0
0
0
0
0
0
0
0
0
0
0
0
0
0
0
0
0
0
0
0
0
0
0
0
0
0
0
0
0
0
0
0
0
0
0
0
0
0
0
0
0
0
0
0
0
0
0
0
0
0
0
0
0
0
0
0
0
0
0
0
0
0
0
0
0
0
0
0
0
0
0
0
0
0
0
0
0
0
0
0
0
0
0
0
0
0
0
0
0
0
0
0
0
0
0
0
0
0
0
0
0
0
0
0
0
0
0
0
0
0
0
0
0
0
0
0
0
0
0
0
0
0
0
0
0
0
0
0
0
0
0
0
0
0
0
0
0
0
0
0
0
0
0
0
0
0
0
0
0
0
0
0
0
0
0
0
0
0
0
0
0
0
0
0
0
0
0
0
0
0
0
0
0
0
0
0
0
0
0
0
0
0
0
0
0
0
0
0
0
0
0
0
0
0
0
0
0
0
0
0
0
0
0
0
0
0
0
0
0
0
0
0
0
0
0
0
0
0
0
0
0
0
0
0
0
0
0
0
0
0
0
0
0
0
0
0
0
0
0
0
0
0
0
0
0
0
0
0
0
0
0
0
0
0
0
0
0
0
0
0
0
0
0
0
0
0
0
0
0
0
0
0
0
0
0
0
0
0
1
0
0
0
0
0
0
0
0
0
0
0
0
0
0
0
0
0
0
0
0
0
0
0
0
0
0
0
0
0
0
0
0
0
0
0
0
0
0
0
0
0
0
0
0
0
0
0
0
0
0
0
0
0
0
0
0
0
0
0
0
0
0
0
0
0
0
0
0
0
0
0
0
0
0
1
0
0
0
0
0
0
0
0
0
0
0
0
0
0
0
0
0
0
0
0
0
0
0
0
0
0
0
0
0
0
0
0
0
0
0
0
0
0
0
0
0
0
0
0
0
0
0
0
0
0
0
0
0
0
0
0
0
0
0
0
0
0
0
0
0
0
0
0
0
0
0
0
0
0
0
0
0
0
0
0
0
0
0
0
0
0
0
0
0
0
0
0
0
0
0
0
0
0
0
0
0
0
0
0
0
0
0
0
0
0
0
0
0
0
0
0
0
0
0
0
0
0
0
0
0
0
0
0
0
0
0
0
0
0
0
0
0
0
0
0
0
0
0
0
0
0
0
0
0
0
0
0
0
0
0
0
0
0
0
0
0
0
0
0
0
0
0
0
0
0
0
0
0
0
0
0
0
0
0
0
0
0
0
0
0
0
0
0
0
0
0
0
0
0
0
0
0
0
0
0
0
0
0
0
0
0
0
0
0
0
0
0
0
0
0
0
0
0
0
0
0
0
0
0
0
0
0
0
0
0
0
0
0
0
0
0
0
0
0
0
0
0
0
0
0
0
0
0
0
0
0
0
0
0
0
0
0
0
0
0
0
0
0
0
0
0
0
0
0
0
0
0
0
0
0
0
0
0
0
0
0
0
0
0
0
0
0
0
0
0
0
0
0
0
0
0
0
0
0
0
0
0
0
0
0
0
0
0
0
0
0
0
0
0
0
0
0
0
0
0
0
0
0
0
0
0
0
0
0
0
0
0
0
0
0
0
0
0
0
0
0
0
0
0
0
0
0
0
0
0
0
0
0
0
0
0
0
0
0
0
0
0
0
0
0
0
0
0
0
0
0
0
0
0
0
0
0
0
0
0
0
0
0
0
0
0
0
0
0
0
0
0
0
0
0
0
0
0
0
0
0
0
0
0
0
0
0
0
0
0
0
0
0
0
0
0
0
0
0
0
0
0
0
0
0
0
0
0
0
0
0
0
0
0
0
0
0
0
0
0
0
0
0
0
0
0
0
0
0
0
0
0
0
0
0
0
0
0
0
0
0
0
0
0
0
0
0
0
0
0
0
0
0
0
0
0
0
0
0
0
0
0
0
0
0
0
0
0
0
0
0
0
0
0
0
0
0
0
0
0
0
0
0
0
0
0
0
0
0
0
0
0
0
0
0
0
0
0
0
0
0
0
0
0
0
0
0
0
0
0
0
0
0
0
0
0
0
0
0
0
0
0
0
0
0
0
0
0
0
0
0
0
0
0
0
0
0
0
0
0
0
0
0
0
0
0
0
0
0
0
0
0
0
0
0
0
0
0
0
0
0
0
0
0
0
0
0
0
0
0
0
0
0
0
0
0
0
0
0
0
0
0
0
0
0
0
0
0
0
0
0
0
0
0
0
0
0
0
0
0
0
0
0
0
0
0
0
0
0
0
0
0
0
0
0
0
0
0
0
0
0
0
0
0
0
0
0
0
0
0
0
0
0
0
0
0
0
0
0
0
0
0
0
0
0
0
0
0
0
0
0
0
0
0
0
0
0
0
0
0
0
0
0
0
0
0
0
0
0
0
0
0
0
0
0
0
0
0
0
0
0
0
0
0
0
0
0
0
0
0
0
0
0
0
0
0
0
0
0
0
0
0
0
0
0
0
0
0
0
0
0
0
0
0
0
0
0
0
0
0
0
0
0
0
0
0
0
0
0
0
0
0
0
0
0
0
0
0
0
0
0
0
0
0
0
0
0
0
0
0
0
0
0
0
0
0
0
0
0
0
0
0
0
0
0
0
0
0
0
0
0
0
0
0
0
0
0
0
0
0
0
0
0
0
0
0
0
0
0
0
0
0
0
0
0
0
0
0
0
0
0
0
0
0
0
0
0
0
0
0
0
0
0
0
0
0
0
0
0
0
0
0
0
0
0
0
0
0
0
0
0
0
0
0
0
0
0
0
0
0
0
0
0
0
0
0
0
0
0
0
0
0
0
0
0
0
0
0
0
0
0
0
0
0
0
0
0
0
0
0
0
0
0
0
0
0
0
0
0
0
0
0
0
0
0
0
0
0
0
0
0
0
0
0
0
0
0
0
0
0
0
0
0
0
0
0
0
0
0
0
0
0
0
0
0
0
0
0
0
0
0
0
0
0
0
0
0
0
0
0
0
0
0
0
0
0
0
0
0
0
0
0
0
0
0
0
0
0
0
0
0
0
0
0
0
0
0
0
0
0
0
0
0
0
0
0
0
0
0
0
0
0
0
0
0
0
0
0
0
0
0
0
0
0
0
0
0
0
0
0
0
0
0
0
0
0
0
0
0
0
0
0
0
0
0
0
0
0
0
0
0
0
0
0
0
0
0
0
0
0
0
0
0
0
0
0
0
0
0
0
0
0
0
0
0
0
0
0
0
0
0
0
0
0
0
0
0
0
0
0
0
0
0
0
0
0
0
0
0
0
0
0
0
0
0
0
0
0
0
0
0
0
0
0
0
0
0
0
0
0
0
0
0
0
0
0
0
0
0
0
0
0
0
0
0
0
0
0
0
0
0
0
0
0
0
0
0
0
0
0
0
0
0
0
0
0
0
0
0
0
0
0
0
0
0
0
0
0
0
0
0
0
0
0
0
0
0
0
0
0
0
0
0
0
0
0
0
0
0
0
0
0
0
0
0
0
0
0
0
0
0
0
0
0
0
0
0
0
0
0
0
0
0
0
0
0
0
0
0
0
0
0
0
0
0
0
0
0
0
0
0
0
0
0
0
0
0
0
0
0
0
0
0
0
0
0
0
0
0
0
0
0
0
0
0
0
0
0
0
0
0
0
0
0
0
0
0
0
0
0
0
0
0
0
0
0
0
0
0
0
0
0
0
0
0
0
0
0
0
0
0
0
0
0
0
0
0
0
0
0
0
0
0
0
0
0
0
0
0
0
0
0
0
0
0
0
0
0
0
0
0
0
0
0
0
0
0
0
0
0
0
0
0
0
0
0
0
0
0
0
0
0
0
0
0
0
0
0
0
0
0
0
0
0
0
0
0
0
0
0
0
0
0
0
0
0
0
0
0
0
0
0
0
0
0
0
0
0
0
0
0
0
0
0
0
0
0
0
0
0
0
0
0
0
0
0
0
0
0
0
0
0
0
0
0
0
0
0
0
0
0
0
0
0
0
0
0
0
0
0
0
0
0
0
0
0
0
0
0
0
0
0
0
0
0
0
0
0
0
0
0
0
0
0
0
0
0
0
0
0
0
0
0
0
0
0
0
0
0
0
0
0
0
0
0
0
0
0
0
0
0
0
0
0
0
0
0
0
0
0
0
0
0
0
0
0
0
0
0
0
0
0
0
0
0
0
0
0
0
0
0
0
0
0
0
0
0
0
0
0
0
0
0
0
0
0
0
0
0
0
0
0
0
0
0
0
0
0
0
0
0
0
0
0
0
0
0
0
0
0
0
0
0
0
0
0
0
0
0
0
0
0
0
0
0
0
0
0
0
0
0
0
0
0
0
0
0
0
0
0
0
0
0
0
0
0
0
0
0
0
0
0
0
0
0
0
0
0
0
0
0
0
0
0
0
0
0
0
0
0
0
0
0
0
0
0
0
0
0
0
0
0
0
0
0
0
0
0
0
0
0
0
0
0
0
0
0
0
0
0
0
0
0
0
0
0
0
0
0
0
0
0
0
0
0
0
0
0
0
0
0
0
0
0
0
0
0
0
0
0
0
0
0
0
0
0
0
0
0
0
0
0
0
0
0
0
0
0
0
0
0
0
0
0
0
0
0
0
0
0
0
0
0
0
0
0
0
0
0
0
0
0
0
0
0
0
0
0
0
0
0
0
0
0
0
0
0
0
0
0
0
0
0
0
0
0
0
0
0
0
0
0
0
0
0
0
0
0
0
0
0
0
0
0
0
0
0
0
0
0
0
0
0
0
0
0
0
0
0
0
0
0
0
0
0
0
0
0
0
0
0
0
0
0
0
0
0
0
0
0
0
0
0
0
0
0
0
0
0
0
0
0
0
0
0
0
0
0
0
0
0
0
0
0
0
0
0
0
0
0
0
0
0
0
0
0
0
0
0
0
0
0
0
0
0
0
0
0
0
0
0
0
0
0
0
0
0
0
0
0
0
0
0
0
0
0
0
0
0
0
0
0
0
0
0
0
0
0
0
0
0
0
0
0
0
0
0
0
0
0
0
0
0
0
0
0
0
0
0
0
0
0
0
0
0
0
0
0
0
0
0
0
0
0
0
0
0
0
0
0
0
0
0
0
0
0
0
0
0
0
0
0
0
0
0
0
0
0
0
0
0
0
0
0
0
0
0
0
0
0
0
0
0
0
0
0
0
0
0
0
0
0
0
0
0
0
0
0
0
0
0
0
0
0
0
0
0
0
0
0
0
0
0
0
