503 0
503 0
503 0
503 0
503 0
503 0
503 0
503 0
503 0
503 0
503 0
503 0
503 0
503 0
503 0
503 0
503 0
503 0
503 0
503 0
503 0
503 0
503 0
503 0
503 0
503 0
503 0
503 0
503 0
502 0
501 0
501 0
501 0
501 0
501 0
501 0
501 0
501 0
501 0
501 0
501 0
506 0
506 0
506 0
504 0
503 0
503 0
503 0
502 0
501 0
501 0
500 0
500 0
500 0
500 0
499 0
499 0
499 0
499 0
499 0
499 0
507 0
507 0
507 0
507 0
507 0
507 0
507 0
507 0
506 0
506 0
506 0
505 0
505 0
505 0
505 0
505 0
511 0
511 0
511 0
511 0
511 0
511 0
511 0
511 0
511 0
511 0
511 0
511 0
511 0
511 0
511 0
510 0
524 0
524 0
524 0
524 0
524 0
524 0
524 0
524 0
524 0
524 0
524 0
524 0
524 0
524 0
524 0
524 0
532 0
532 0
532 0
532 0
532 0
532 0
532 0
532 0
532 0
532 0
532 0
532 0
532 0
532 0
532 0
532 0
545 0
545 0
545 0
545 0
545 0
545 0
545 0
545 0
545 0
545 0
545 0
545 0
545 0
545 0
545 0
545 0
550 0
550 0
550 0
550 0
549 0
549 0
549 0
549 0
549 0
549 0
549 0
549 0
549 0
549 0
549 0
549 0
554 0
554 0
554 0
554 0
554 0
554 0
554 0
554 0
554 0
554 0
554 0
554 0
554 0
554 0
554 0
554 0
554 0
554 0
554 0
554 0
568 0
568 0
568 0
568 0
568 0
568 0
568 0
568 0
568 0
568 0
568 0
568 0
568 0
568 0
568 0
568 0
573 0
573 0
573 0
573 0
573 0
573 0
573 0
573 0
573 0
573 0
573 0
573 0
573 0
573 0
573 0
573 0
578 0
578 0
578 0
578 0
578 0
578 0
578 0
578 0
578 0
578 0
578 0
578 0
578 0
578 0
578 0
578 0
593 0
593 0
593 0
589 0
589 0
585 0
583 0
583 0
583 0
582 0
582 0
582 0
582 0
582 0
582 0
582 0
589 0
589 0
589 0
589 0
589 0
589 0
592 0
592 0
591 0
591 0
591 0
591 0
591 0
591 0
591 0
591 0
601 0
601 0
600 0
600 0
598 0
596 0
593 0
593 0
593 0
593 0
593 0
593 0
593 0
593 0
593 0
593 0
593 0
593 0
597 0
597 0
597 0
597 0
597 0
597 0
597 0
597 0
597 0
597 0
597 0
597 0
597 0
597 0
597 0
597 0
597 0
606 0
608 0
610 0
610 0
610 0
609 0
610 0
611 0
612 0
613 0
613 0
613 0
613 0
613 0
613 0
613 0
613 0
613 0
613 0
618 0
618 0
618 0
618 0
618 0
618 0
619 0
618 0
620 0
620 0
621 0
621 0
621 0
621 0
621 0
621 0
621 0
621 0
621 0
621 0
634 0
633 0
635 0
635 0
636 0
637 0
637 0
637 0
637 0
637 0
637 0
637 0
637 0
637 0
637 0
637 0
642 0
642 0
642 0
642 0
642 0
642 0
642 0
642 0
642 0
642 0
642 0
642 0
642 0
642 0
642 0
642 0
642 0
642 0
642 0
649 0
649 0
649 0
649 0
649 0
649 0
649 0
649 0
649 0
649 0
649 0
649 0
649 0
649 0
649 0
649 0
649 0
649 0
649 0
649 0
649 0
649 0
649 0
649 0
649 0
649 0
649 0
649 0
660 0
660 0
660 0
660 0
660 0
660 0
660 0
660 0
660 0
660 0
660 0
660 0
660 0
660 0
660 0
660 0
678 0
678 0
678 0
680 0
680 0
682 0
682 0
682 0
684 0
683 0
682 0
683 0
683 0
683 0
683 0
683 0
683 0
683 0
683 0
683 0
687 0
688 0
690 0
690 0
690 0
690 0
690 0
690 0
690 0
690 0
690 0
690 0
690 0
690 0
690 0
690 0
699 0
699 0
699 0
699 0
699 0
699 0
699 0
699 0
699 0
699 0
699 0
699 0
699 0
699 0
699 0
699 0
699 0
707 0
707 0
707 0
707 0
707 0
707 0
707 0
707 0
707 0
707 0
707 0
707 0
707 0
707 0
707 0
707 0
707 0
707 0
707 0
712 0
712 0
712 0
712 0
712 0
712 0
712 0
712 0
712 0
712 0
712 0
712 0
712 0
712 0
712 0
712 0
712 0
712 0

712 0
501