503 0
503 0
503 0
503 0
503 0
503 0
503 0
503 0
503 0
503 0
503 0
503 0
503 0
503 0
503 0
503 0
503 0
503 0
503 0
503 0
503 0
503 0
503 0
503 0
503 0
503 0
503 0
503 0
502.85 0.357071
502.625 0.695971
502.2 0.87178
501.725 1.04851
501.275 0.974359
501.025 1.06037
500.9 1.06771
500.7 1.05357
500.45 1.39553
499.7 1.70587
499.025 1.80952
498.375 2.8345
497.625 3.3443
497.275 3.08211
496.75 2.50749
496 2.50998
495.1 2.50799
494.05 3.19335
491.4 4.21782
489.35 4.40766
488.475 3.68095
487.975 3.50348
487.45 3.76132
486.425 3.92993
484.725 4.61512
476.375 17.0363
465.825 22.235
459.125 23.6856
450.975 24.0286
444.55 22.5333
437.925 19.1186
434.575 16.9084
432.1 15.1473
432.525 15.4483
434.7 15.027
435.425 14.4411
437.2 13.8477
438.8 11.4591
438.7 11.2232
439.8 10.8954
442.35 11.186
445.4 10.8669
447.2 10.1494
447.725 10.1094
449.625 8.75125
449.575 9.16484
449.75 9.12072
450.075 9.02881
450.4 8.46404
450.875 7.97555
451.45 6.82624
451.725 6.54594
451.675 5.62311
451.75 5.6734
452.175 4.37543
452.5 4.93457
452.475 5.60797
453 5.59464
453.75 5.23331
453.925 5.21722
454.25 4.98874
444.675 62.2597
436.35 80.96
428.35 96.8668
376.85 151.637
336.75 176.801
319.275 181.694
289.375 189.408
261.475 190.401
236.775 186.016
210.925 179.014
188.925 165.323
161.6 148.472
163.65 147.809
164.075 147.912
159.625 142.09
169.05 139.444
173.925 138.632
182.8 137.1
183.95 136.38
172.75 121.531
180.65 121.759
177.75 112.534
185.275 115.411
196.475 113.735
205.375 113.49
214.2 115.094
211.475 112.731
222.25 116.283
230.5 115.919
231.425 115.553
233.25 119.496
240.1 120.557
243.875 122.494
258.275 123.405
262.925 122.567
271.475 123.22
274.65 123.241
289.625 124.495
295.55 120.668
307.125 124.627
314.1 132.085
319.75 135.311
329.75 136.854
342.625 139.575
350.55 151.007
359.8 145.09
367.975 142.465
371.475 139.181
376.275 140.454
382.9 139.457
393.225 138.679
396.025 136.644
400.15 131.584
411.225 128.237
417.6 136.004
419.4 136.522
444.225 147.479
464.275 151.061
465.675 150.082
471.8 149.432
481.85 148.714
488 150.451
495.325 151.678
500.975 150.5
521 158.416
532 164.523
541.75 161.833
548.8 167.819
559.2 172.88
571.65 179.272
572.55 179.116
581.65 180.76
595.625 177.485
602.35 176.778
609.625 184.439
615.15 188.442
619.125 185.961
645.2 184.468
649.025 183.45
656.875 180.936
664.2 186.056
666.85 185.11
677.4 183.24
678.125 182.95
680.875 185.341
692.05 183.74
697.225 184.401
700.775 182.906
701.325 182.258
702.05 182.197
711.1 180.084
721.175 174.729
725.825 172.146
739.35 168.529
740.9 169.266
748.3 173.013
762.4 158.339
763.775 156.643
774.4 147.953
774.95 147.562
778.15 143.953
781.35 144.755
781.85 144.551
787.725 133.912
787.525 134.154
792.8 130.999
795.475 129.907
795.725 129.943
798.1 130.247
801.95 131.756
806.225 132.54
812.25 129.025
813.125 128.716
813.975 128.561
814.6 127.889
819.1 129.665
827.7 106.541
828.975 105.174
829.675 104.774
833.175 104.341
837.35 104.717
839.75 105.403
843.5 105.491
849.475 98.1626
853.275 98.977
855.4 99.9264
859.575 99.256
869.5 94.1969
869.975 94.4371
871.75 94.3175
872.95 90.705
872.7 90.9992
877.775 83.7357
878.625 83.1239
878.4 83.3636
878.525 83.883
878.275 84.0946
878.2 83.8043
879.025 83.6593
881.65 82.6594
886.575 78.9287
888.075 78.6903
893.4 64.9857
894.35 64.5103
896.575 62.0294
897.325 61.555
897.675 61.6277
906.1 46.993
906.575 46.5462
908.175 46.3864
908.675 46.118
908.95 45.9483
910.075 45.4331
913.45 42.6022
914.85 42.3943
918.65 38.8346
918.925 38.6532
920.275 38.3047
920.975 38.6164
923.75 38.874
925.55 36.979
926.2 37.0872
926.725 37.3437
930.15 35.1316
931.375 34.6069
931.7 34.9716
932.15 35.3253
932.475 35.5317
932.725 36.0978
933.125 36.5733
933.275 37.0978
933.5 37.3644
933.65 37.8527
933.775 37.9055
934.15 38.354
934.95 38.5681
935.2 38.6447
935.275 38.6827
935.55 38.8046
939.3 31.2652
939.8 31.055
942.65 27.7277
943.075 27.6183
943.725 27.3276
944.275 27.2241
944.65 27.2347
945.225 27.1482
945.75 26.9321
946.15 26.8464
946.825 26.3722
947.05 26.466
947.225 26.6763
947.625 26.7364
947.975 26.8482
948.125 26.9009
948.525 26.8458
950.65 24.9224
951.125 24.6315
951.375 24.6867
951.5 24.7831
951.5 24.9269
951.65 24.9555
951.95 25.0229
951.975 25.1331
951.925 25.2462
952.525 24.7497
952.75 24.7485
953.475 24.6211
953.75 24.14
953.825 24.1111
953.925 24.1448
953.95 24.1226
953.975 24.1044
954.075 23.9921
954.2 23.923
954.25 23.8933
954.175 23.9028
954.225 23.8731
954.1 23.9873
956.075 21.118
956.225 21.2703
956.125 21.393
955.95 21.4464
955.8 21.7235
955.85 21.4727
955.675 21.6915
955.525 21.8746
955.375 22.0439
955.275 22.1483
955.15 22.1456
955.5 21.8655
955.475 21.9704
955.4 22.1301
955.2 22.528
955.075 22.7194
955.075 22.715
955.125 22.9022
954.975 23.1209
955.325 23.1672
955.275 23.327
955.125 23.2004
955.05 23.0672
955.125 22.7037
955.3 22.1508
955.625 20.7902
955.575 20.7291
955.7 21.1012
955.925 20.8379
955.925 20.9002
955.725 21.0571
955.825 20.7724
955.4 20.7723
955.4 20.5704
955.7 18.5839
955.825 18.2605
955.975 17.7391
956.1 17.2
956.025 16.9521
956.1 16.658
956 16.6072
956.025 15.6756
956.15 15.7362
956.775 14.3553
956.45 14.4273
956.375 14.3974
956.225 14.3814
955.925 14.4055
956.1 14.6216
955.825 14.7205
955.55 14.7291
955.45 14.6969
955.2 14.8782
955.1 15.1407
955.05 15.5209
955 15.3964
954.75 15.3651
954.925 15.6834
954.975 15.8973
954.925 15.5939
955.175 15.3946
955.225 15.5539
955.2 15.5309
955.5 15.3818
955.6 15.3766
955.975 15.4475
956.525 14.975
956.4 14.998
956.45 14.9247
956.3 15.3773
956.3 15.3821
955.925 15.4084
956.2 15.3951
955.925 15.4683
956.525 14.188
956.175 14.5428
955.825 14.8001
955.6 15.0147
955.625 15.4008
955.325 15.6946
954.95 16.0171
955.05 16.0654
955.65 15.5621
955.65 15.496
956.275 14.8761
956.1 14.5324
956.175 14.2441
956.175 14.0337
956 13.9803
955.375 13.9941
955.925 13.167
955.775 12.9701
956.025 12.6204
956.075 12.5248
956.275 12.4659
955.975 12.2688
955.9 12.2552
956.05 12.0145
956.025 12.2444
956.15 12.8229
956.7 13.1095
956.875 13.0904
956.825 13.2058
956.875 13.3944
956.9 13.4811
957 13.4127
957.45 13.0345
958 12.506
958.25 12.1383
958.5 11.565
958.475 11.7473
958.4 11.7299
958.525 11.6812
958.5 12.184
958.275 12.4157
957.85 12.5629
957.825 12.8742
957.8 13.342
957.9 13.3075
957.825 13.2569
957.725 13.8492
958.125 14.2499
957.85 15.3273
958.55 15.3068
958.875 14.7618
959.05 14.3509
959.15 14.1996
959.225 13.8085
959.45 13.6308
959.3 13.2669
959.625 12.7194
959.525 12.7004
958.6 13.2416
958.05 13.8671
957.625 13.978
958.225 13.3725
957.775 13.8501
957.15 14.6057
957.25 14.1964
957.825 13.8796
958.8 13.6733
958.7 14.1372
958.425 14.2459
959.425 13.5497
960.125 13.0866
959.925 13.5856
959.7 13.666
959.925 13.8228
960.1 14.6472
960.425 14.817
960.675 15.1185
960.925 15.0738
960.825 14.9715
961.175 14.6967
960.5 15.5708
960.325 16.2733
960.925 15.1862
961.325 14.454
961.2 14.6103
960.85 15.0458
960.55 15.4304
961.475 15.3541
962.2 14.8209
962.075 14.8886
962.275 14.7834
962.35 14.7996
962.45 14.4723
963.25 13.2736
963.325 13.7302
963.525 14.0588
963.6 13.4123
963.7 13.0158
963.45 13.0575
963 13.1244
963.275 13.4052
963.1 13.105
963.6 12.6467
963.8 12.4342
963.7 12.9696
963.8 12.8398
964.525 12.5638
964.825 13.0171
964.725 13.3697
964.975 13.5748
965.55 13.1433
965.625 13.1884
966.375 12.9068
966.475 13.2702
967.175 13.2851
967.8 13.265
968.625 13.2282
968.95 13.5683

968.95 13.5683
104