503
503
503
503
503
503
503
503
503
503
503
503
503
503
503
503
503
503
503
503
503
503
503
503
503
503
503
503
502.909
502.545
501.909
501.273
500.636
499.727
499.091
498.545
498
497.455
496.273
495.273
493.273
491
488.273
486.727
486.273
487.091
487.636
487.364
485.545
483.273
480.818
474
470.727
453
443.091
435
431
427.455
426.818
426.364
429.727
431
435.182
438.636
440.909
443
446.091
447.455
448.727
449.727
450.818
451.091
451.545
451.909
452.364
452.818
452.818
452.818
452.818
452.818
452.818
452.818
452.818
452.818
453
453
452.909
452.909
452.909
452.818
452.909
453.091
453
453
453.273
453.273
453.273
453.364
453.455
454.091
454.727
455.273
455.364
455.545
455.364
455.727
421.727
313.545
243.273
243.364
243.091
243
245.091
245.182
215.818
179.091
179.364
181.364
191.364
191
197.818
176.091
176
147.909
166.364
167
135.364
150.636
158.364
166.091
170.818
187.818
188.636
197
222.818
228.545
237.364
237.545
259.727
259.818
275.727
276.182
282
283.182
307.455
309.727
316.545
317.182
325.818
326.091
326.636
327.818
340.455
341.636
354.636
356.273
359.091
374.273
375.273
406.273
418.091
425.273
443.818
444.818
460.364
510.182
511.909
524.455
558
559.364
559.636
563.545
564.455
574.091
582.636
583
585.091
591.909
610.182
624.636
622.818
625.636
634.636
639.273
659.273
661.273
741.727
757.909
761.727
762.182
763.545
778.636
787.455
786.909
788.727
788.364
788.636
794.818
797.909
806.455
814.636
816.273
821.636
822.455
822.545
823.727
830.727
831.545
831.182
842.364
843.636
843.273
844.455
845.182
850.727
851
852.727
853.182
853.364
852.818
853.091
852.364
853.545
854.455
853.909
854.455
854.545
855.364
855.364
856.455
857.545
859.273
865.091
867.818
869
869.727
870.182
871.636
880.636
882.455
884.364
885
885.182
884.545
885.364
885.091
885.273
885.455
890.909
891.455
890.909
890.636
890.364
892
892.364
892.636
893.091
894.727
906.636
908
909.273
911.364
914
914.818
920.545
923.364
923.273
924
924.273
934.727
935.545
936.727
936.545
938
940.545
940.545
940.545
940.364
939.636
939.818
940.909
941.545
942.364
943.545
943.364
942.545
943
943.273
944.727
945.273
946
946.909
948.455
948.364
949
949.273
949.636
949.727
949.727
956.364
956.545
956.636
956.727
957.818
957.455
956.364
955.545
955.727
956.636
956.909
957.636
957.636
957.273
957.364
958.182
959
959.273
959.727
959.727
960.727
961.909
962
961.909
962.545
963.273
963.636
963.909
964.182
964.273
964.364
964.455
964.909
966.182
966.455
966.818
966.636
966.818
967
967.273
967.636
968.091
968.273
968.545
969
969.182
969.364
969.545
969.636
969.636
969.818
969.909
969.909
970
970.091
970.182
970.273
970.364
970.364
970.636
970.727
970.909
971
971.091
971.091
971.182
971.182
971.273
971.273
971.273
971.273
971.273
971.273
971.273
971.273
971.273
971.273
971.273
971.273
971.273
971.273
971.273
971.273
971.273
971.273
971.273
971.273
971.273
971.273
971.273
971.273
971.273
971.909
971.909
971.909
971.909
971.909
971.909
971.909
971.909
971.909
971.909
971.909
971.909
972.455
972.455
972.455
972.455
972.455
972.455
972.455
972.455
972.455
972.455
972.455
972.455
972.455
972.455
972.455
972.455
972.455
974.909
974.909
974.364
974.364
974.364
974.364
974.364
974.364
974.364
974.364
974.364
974.364
974.364
975
975.545
976
976
976
976
976
976
976
976
976
976
976
976
976
976
976
976
976
976
976
976
976
976.273
976.273
976.273
976.273
976.273
976.273
976.273
976.273
976.273
976.273
976.273
976.273
976.273
976.273
976.273
976.273
976.273
976.273
976.273
976.273
976.273
976.273
976.273
976.273
976.273
976.273
976.273
976.273
976.273
976.273
976.273
976.273
976.273
976.273
976.273
976.273
976.273
976.273
976.273
976.273
976.273
976.273
976.273
