0
0
0
0
0
0
0
0
0
0
0
0
0
0
0
0
0
0
0
0
0
0
0
0
0
0
0
0
0
0
0
0
0
0
0
0
0
0
0
0
0
0
0
0
0
0
0
0
0
0
0
0
0
0
0
0
0
0
0
0
0
0
0
0
0
0
0
0
0
0
0
0
0
0
0
0
0
0
0
0
0
0
0
0
0
0
0
0
0
0
0
0
0
0
0
0
0
0
0
0
0
0
0
0
0
0
0
0
0
0
0
0
0
0
0
0
0
0
0
0
0
0
0
0
0
0
0
0
0
0
0
0
0
0
0
0
0
0
0
0
0
0
0
0
0
0
0
0
0
0
0
0
0
0
0
0
0
0
0
0
0
0
0
0
0
0
0
0
0
0
0
0
0
0
0
0
0
0
0
0
0
0
0
0
0
0
0
0
0
0
0
0
0
0
0
0
0
0
0
0
0
0
0
0
0
0
0
0
0
0
0
0
0
0
0
0
0
0
0
0
0
0
0
0
0
0
0
0
0
0
0
0
0
0
0
0
0
0
0
0
0
0
0
0
0
0
0
0
0
0
0
0
0
0
0
0
0
0
0
0
0
0
0
0
0
0
0
0
0
0
0
0
0
0
0
0
0
0
0
0
0
0
0
0
0
0
0
0
0
0
0
0
0
0
0
0
0
0
0
0
0
0
0
0
0
0
0
0
0
0
0
0
0
0
0
0
0
0
0
0
0
0
0
0
0
0
0
0
0
0
0
0
0
0
0
0
0
0
0
0
0
0
0
0
0
0
0
0
0
0
0
0
0
0
0
0
0
0
0
0
0
0
0
0
0
0
0
0
0
0
0
0
0
0
0
0
0
0
0
0
0
0
0
0
0
0
0
0
0
0
0
0
0
0
0
0
0
0
0
0
0
0
0
0
0
0
0
0
0
0
0
0
0
0
0
0
0
0
0
0
0
0
0
0
0
0
0
0
0
0
0
0
0
0
0
0
0
0
0
0
0
0
0
0
0
0
0
0
0
0
0
0
0
0
0
0
0
0
0
0
0
0
0
0
0
0
0
0
0
0
0
0
0
0
0
0
0
0
0
0
0
0
0
0
0
0
0
0
0
0
0
0
0
0
0
0
0
0
0
0
0
0
0
0
0
0
0
0
0
0
0
0
0
0
0
0
0
0
0
0
0
0
0
0
0
0
0
0
0
0
0
0
0
0
0
0
0
0
0
0
0
0
0
0
0
0
0
0
0
0
0
0
0
0
0
0
0
0
0
0
0
0
0
0
0
0
0
0
0
0
0
0
0
0
0
0
0
0
0
0
0
0
0
0
0
0
0
0
0
0
0
0
0
0
0
0
0
0
0
0
0
0
0
0
0
0
0
0
0
0
0
0
0
0
0
0
57
55
54
61
67
63
62
53
52
58
57
47
66
62
56
62
50
58
84
56
51
61
51
71
50
48
59
58
57
57
57
51
46
57
59
35
51
56
53
40
48
61
56
43
59
51
59
56
227
211
211
201
222
235
242
244
217
225
192
227
235
218
217
211
207
161
164
130
135
121
129
94
91
90
82
79
78
104
94
75
65
76
79
79
81
98
93
114
103
95
99
98
95
98
88
108
158
208
176
210
168
180
201
199
222
208
209
247
230
251
212
253
215
191
208
181
204
203
243
213
210
224
211
231
232
267
275
273
270
300
303
311
276
326
318
338
353
352
407
389
406
428
424
451
435
451
455
494
473
484
467
542
506
536
578
564
611
644
680
628
634
649
630
608
693
657
715
709
689
757
784
782
762
784
759
738
762
812
886
869
890
841
915
916
996
966
996
1099
1110
1075
1126
1117
1117
1133
1134
1152
1184
1182
1183
1180
1290
1268
1277
1221
1313
1386
1385
1425
1389
1435
1421
1442
1511
1510
1538
1514
1591
1598
1554
1619
1619
1593
1635
1676
1641
1676
1735
1790
1768
1832
1888
1857
1836
1935
1893
1935
1983
2027
2021
2035
2072
2098
2041
1989
2127
2125
2081
2204
2162
2223
2273
2227
2475
2398
2356
2427
2454
2428
2527
2539
2576
2555
2616
2679
2610
2704
2779
2741
2666
2750
2876
2981
2901
2999
3101
2966
3077
3026
3137
3087
3225
3214
3075
3225
3262
3280
3366
3397
3399
3429
3460
3537
3561
3513
3494
3711
3696
3733
3754
3836
3802
3863
3858
3895
3941
4025
4119
4179
4112
4212
4215
4288
4349
4411
4363
4381
4558
4577
4655
4554
4774
4725
4766
4747
4945
4960
4932
4939
4908
5135
5159
5235
5212
5265
5340
5421
5446
5529
5664
5525
5629
5681
5702
5723
5875
5747
5862
6042
6015
6039
6064
6098
6084
6302
6336
6292
6404
6398
6613
6560
6819
6673
6667
6700
6942
6777
7003
6866
6798
7018
7228
7161
7244
7409
7413
7413
7446
7634
7340
7505
7728
7796
7691
7974
7845
7975
8029
8099
8125
7999
8233
8086
8199
8413
8498
8524
8613
8673
8518
8700
8680
8818
8828
8905
9054
9005
8929
9120
9103
9135
9411
9424
9491
9560
9535
9643
9754
9843
9926
9833
10014
10034
10079
10071
9921
10343
10142
10222
10413
10416
10424
10564
10467
10774
10696
10729
10570
10994
10934
11016
11160
11135
11523
11552
11304
11401
11562
11529
11581
11652
11626
11752
11867
12075
12057
12202
12219
12079
12263
12233
12302
12345
12712
12645
12630
12610
12755
12860
12898
12931
494023
12445
12580
12701
12793
13096
13208
12772
13126
13038
13123
13306
13290
13396
13413
13462
13733
13723
13572
13861
13971
13767
14127
13951
14062
14321
14362
14377
14346
14457
14491
14603
14540
14747
14669
14854
15057
14717
14831
15270
15302
15356
15489
15451
15573
15579
15645
15651
1487541
17447
17102
17273
17452
17378
17492
17418
17625
17715
17825
17777
17850
18081
17885
17962
18135
18036
18114
18228
18316
18474
18419
18426
18444
18601
18788
18865
18731
18893
19095
18918
19013
19219
19207
19090
19187
19333
19304
19376
19326
19355
19508
19652
19569
19606
19815
20007
2496739
24445
24439
24792
24587
24679
24641
24349
24538
24669
24900
25039
24677
24745
24982
24893
25163
24729
25102
24960
25044
25268
25294
25128
25157
25161
25146
25040
25496
25751
25215
25574
25297
25272
25357
25695
25632
25530
25447
25730
25521
25756
25558
25659
25944
25905
25884
25799
2802422
32161
32472
32114
32197
32360
32208
32618
32453
32320
32178
32534
32085
32363
32418
32654
32055
32317
32025
32371
32401
32251
32461
32095
32205
32691
32431
32779
32728
32769
32587
32254
32820
32474
32468
32618
32408
33154
32440
33147
32533
32374
32780
32596
32738
32638
32744
32955
2350830
39431
39790
39770
39381
39461
39851
39736
39898
39623
40020
39750
39611
40044
39711
39282
39977
39521
39552
39714
39865
40058
39916
39869
39616
39882
39782
40229
39947
39692
40009
39679
40067
39883
40077
39846
40099
40368
40131
40330
40217
40151
40316
40295
40614
40186
40051
40336
1742050
46728
46457
46522
47369
47239
47197
46996
46973
46456
47246
47012
46794
47215
46583
47556
47242
47095
46772
47152
47286
47037
47296
47212
47410
46978
47621
47681
47461
47328
47063
48011
47210
47145
47696
47550
47536
47691
47915
47470
47675
47928
47294
47517
47529
47729
47273
47689
1229584
53275
53205
52747
53263
53596
52957
53216
53280
53426
53463
53301
53399
53257
53579
53746
53397
53394
53638
54098
53822
53594
53525
53790
54057
53940
54206
53794
53888
53974
53659
53927
54116
54174
54015
54205
54243
53269
53933
54327
53941
54462
53946
54053
53874
54322
54099
54316
779705
57968
58048
58142
57914
57806
57939
57952
58113
58084
58321
58138
58324
57871
58009
57915
58407
58764
58528
58289
58149
58177
58606
58539
58800
58353
58583
58797
58177
58794
58715
58603
58802
58967
58769
58188
58794
58972
58842
58921
58964
59388
59295
59248
58762
58947
58908
59122
437064
60906
61336
61111
60610
61377
61123
61317
61561
61331
61496
61378
61108
61244
61279
61636
61837
61650
61541
61821
61787
61457
61823
61364
61752
61589
61499
62071
62144
61776
61528
61747
61847
62057
62139
61450
61713
61899
61834
62172
61496
61621
62312
61801
61783
61539
62185
61975
249433
62912
63265
63339
63708
62847
63305
62755
63710
63396
63086
62997
63228
64080
63492
63273
63230
63961
63816
63759
63811
63123
63549
63810
63476
63201
63314
63557
63693
63631
63541
63410
63953
63512
63679
63500
63528
63460
63759
63463
63588
63643
63404
64149
64280
63754
63755
63800
157368
64287
64159
64623
64166
64528
64353
64539
64354
64623
64297
64697
64506
63979
64272
64504
64364
64481
64630
64260
64930
64535
64431
64193
64359
64768
64367
64426
64722
65075
64824
65183
64135
64647
64362
64689
64130
64547
64360
64342
64506
64518
64133
64498
64638
64023
64694
64441
108454
65263
64695
64798
65258
64771
65011
64899
64746
64834
65070
65070
64583
64675
65040
64887
64398
64750
64547
64513
64734
65011
64116
64861
64697
64653
64576
64895
64822
64548
64712
64336
64624
64764
64472
64544
64542
64405
64310
64809
64468
64676
64533
64268
64157
64159
64374
64496
82634
64072
63937
64314
64663
64875
64333
64287
64711
64692
64159
64420
64092
64016
64099
64581
64201
64408
64383
64261
64118
64547
64176
64382
64482
63540
63937
64086
64177
64600
64008
64625
64007
63983
64259
63875
63897
64175
63842
64407
64157
63770
63885
63597
63829
63737
64105
64033
71380
63781
63653
63914
63698
63855
63412
63988
63970
63763
63860
63831
63673
63599
63582
63959
63390
63113
63588
63730
63489
63472
63554
63186
63984
63477
63426
63342
63144
63572
63618
63540
63501
63495
63295
63301
63244
63008
63363
63335
63390
63259
63513
63289
62841
63189
63597
63284
66095
63158
63134
62906
62754
63163
62741
62857
62892
63203
62811
63186
63078
63240
62818
62645
62943
63151
63067
63147
63036
63223
62722
63160
62513
63335
63024
62738
62455
62511
63161
62789
63080
62868
62704
62722
62657
62543
62541
62874
62922
62454
62443
62833
62455
62622
62573
62431
63291
62510
62136
62636
62390
62605
62359
62022
62562
62853
62378
63186
62434
62587
62545
62502
62511
62396
62248
62042
62556
62627
62131
62696
61791
62468
62314
62411
61997
62053
62778
62175
62310
62203
61835
61968
62290
61845
62377
62018
62352
61756
62257
61885
61710
61741
61920
61733
62636
61796
61502
61811
61815
61897
61233
61393
61043
61581
61667
61584
61898
61475
61629
62351
61566
61155
61214
61328
61329
61588
60988
60878
61119
61306
61509
60664
60963
61174
60994
61014
60829
61183
60597
60706
60305
61024
60756
60716
60561
60889
60450
60139
60428
60330
60633
60077
59883
60260
60005
59747
60122
60076
60314
59941
59934
59746
59750
60208
60159
59538
59977
60030
59949
59690
59745
59796
59559
59727
58977
59479
59488
59700
59203
59712
59137
58953
58982
59355
58906
58958
58752
58767
59168
58836
58541
58755
58450
59149
58409
58424
58578
58561
58184
58494
58397
57688
58176
57930
58055
57897
58309
57725
57612
57920
58048
57525
58014
57388
57837
57631
57481
57593
57311
57141
57146
57676
57082
57214
56914
56912
56839
56708
56855
56521
56590
56685
56844
56623
57020
57129
56520
56725
56783
56528
56170
56417
56250
56229
56395
55983
56063
56245
56038
56073
56012
56227
55998
55669
55432
55628
55085
55230
55437
55668
55724
55017
55439
55452
55005
55179
54928
54769
55041
55093
54457
54635
54639
54669
54706
54733
54749
54585
54463
54222
54291
54210
54599
53734
54266
54240
54501
53961
53779
53775
53888
53938
53636
53697
53727
53546
53265
53331
53643
54012
53735
53060
53571
53282
53499
53201
53401
53046
52988
53250
52811
52914
52732
52814
52484
52595
52987
52729
52520
52481
52603
52254
52299
52542
52179
52155
51469
52011
51958
51734
51794
51867
52053
52050
51599
51550
51499
51386
51694
51796
51365
51016
51716
50726
51077
51060
51222
51068
51028
51260
51094
50594
50893
50729
50833
50611
50216
50370
50674
50705
50333
50467
49511
50560
50890
50107
49931
49792
49897
50220
49782
49830
49702
49634
49359
49574
49492
49363
49313
49434
49224
49345
49367
49119
48866
48772
49134
48936
48808
49007
48931
48711
48498
48550
48662
48806
48428
48262
48374
47989
48054
48394
47971
47702
48163
48337
48006
47734
47661
47854
47664
47445
47446
48196
48042
47380
47588
47958
47359
47258
47306
47174
47324
47085
46952
47048
47172
46424
46583
46578
46670
46697
46468
46218
46657
46225
46564
45814
46253
46304
46170
45868
45800
46300
46003
45877
45685
45832
45972
45862
45778
45664
45348
45790
45249
45235
45272
45437
45385
45042
44943
44804
44738
45411
45101
44648
44971
45082
44832
44636
44458
44383
44466
44669
44352
44180
44085
44057
44024
43853
43917
44089
43856
43499
43743
43777
43639
43422
43594
43273
43518
43246
43459
43419
43144
43293
43027
43280
42500
43047
42661
42647
42551
42600
42847
42514
42616
42219
42543
42216
42072
42196
41882
42235
42183
42068
42188
42144
42088
41939
41811
41748
41372
41742
41717
41447
41296
41516
41083
41511
41043
41260
40742
41145
40865
41067
40818
40780
40737
41109
40692
40821
40734
40534
40752
40346
40555
40403
40220
40665
40074
39977
40342
39931
40113
39938
39986
40146
40050
39468
39864
39483
39443
39511
39406
39572
39249
39363
39336
39243
39020
39208
38959
38931
39048
39111
39103
38570
38724
38445
38606
38417
38414
38771
38496
38184
37940
38275
38374
38491
38333
37886
37786
37624
37538
37928
37905
37784
38043
37927
37638
37258
37487
37397
37451
37236
36939
37202
37081
36775
37046
37255
37062
36819
36597
36667
36678
36649
36789
36342
36547
36210
36572
36473
36190
36345
36106
36136
36173
36245
36321
35754
35898
35777
35371
35746
35670
35729
36050
35631
35238
35363
35221
35456
35419
35127
35129
35159
35220
35189
35005
34837
35242
34978
34734
34983
34927
34817
34907
34644
34442
34497
34358
34320
34349
34074
33979
34092
33925
34098
33957
34059
33781
33720
33744
33678
33582
33879
33496
33741
33561
33497
33490
33260
33183
33345
33066
32838
32726
33254
33033
32924
33024
33071
33041
32763
32991
32836
32526
32580
32415
32381
32547
32720
32519
32217
32576
32237
32316
31929
32167
32085
31834
32207
31622
31826
31857
31770
31753
31797
31603
31774
31254
31688
31393
31289
31708
31565
31004
31472
31271
31202
31518
31175
31293
30885
30878
30895
30838
30733
31004
30707
30876
30480
30647
30586
30377
30565
30596
30530
30266
30201
30125
30398
30208
30207
30232
29736
29722
30006
29798
29753
29769
29519
29848
29888
29538
29830
29635
29443
29246
29333
29456
29308
29384
29264
29202
29216
29143
29318
29139
29369
28876
28989
28859
28795
29025
28793
28719
28653
28665
28576
28624
28346
28655
28425
28517
28437
28070
28301
28002
28563
27962
28228
27936
28046
27999
28084
28014
27766
27883
27710
27610
27731
27714
27604
27683
27483
27533
27419
27645
27222
27563
27385
26795
27061
27164
27230
27191
27163
27134
26830
26907
27102
26807
26875
26604
26908
27047
26995
26726
26782
26381
26451
26579
26342
26704
26584
26328
26618
26279
26181
26169
26233
26075
25970
25930
25856
25894
25938
25621
25661
25881
25569
25516
25492
25590
25672
25645
25441
25466
25306
25328
25204
25084
25396
25479
25415
25015
24767
24930
24856
25100
24732
24865
24828
24779
24845
24517
24826
24872
24544
24718
24401
24487
24651
24363
24275
24253
24181
24204
24339
24211
24034
24253
23806
23807
23838
23899
23989
23937
24028
23680
23713
23434
23548
23702
23820
23539
23312
23518
23566
23131
23175
23252
23386
23192
23465
22915
23035
23043
23145
22814
22916
22722
22621
22790
22790
22808
22463
22540
22365
22702
22605
22468
22376
22548
22115
22724
22224
22007
22029
22115
22210
22248
22127
22191
22077
22070
21744
22083
21915
21650
21650
21731
21927
21595
21355
21586
21611
21567
21359
21348
21394
21458
21399
21261
21507
21011
21175
20949
20934
20807
20872
20708
20808
20834
20778
20554
20945
20877
20781
20432
20623
20806
20552
20541
20402
20470
20583
20227
20487
20279
20221
20552
20103
20067
20026
19985
20175
19823
19818
19815
19991
19749
20043
19547
19890
19669
19750
19678
19532
19643
19547
19336
19747
19236
19482
19517
19298
19135
19294
19298
19081
19043
19002
18912
19023
18936
18780
18869
19007
18822
19016
18671
18849
18602
18420
18623
18528
18491
18408
18326
18592
18635
18585
18427
18247
18385
18183
18285
18400
18284
18372
18027
17906
18186
17841
17935
18076
17984
17708
17940
17632
17813
17662
17764
17278
17756
17456
17639
17567
17345
17442
17514
17236
17495
17166
17218
17565
17099
17213
17171
17026
16930
17185
17186
16916
17082
16865
17072
16774
16333
16626
16674
16875
16853
16787
16971
16643
16641
16438
16580
16278
16314
16566
16519
16318
16359
16419
16284
16347
16163
16267
16087
16036
16122
16381
16080
16020
16201
15825
16028
15939
15917
15793
15723
15772
15623
15781
15693
15675
15513
15379
15716
15501
15413
15535
15487
15479
15600
15224
15171
15394
15212
15221
15132
15103
15150
15039
15156
15048
15142
15049
14940
14953
14802
14757
14936
14813
14846
14718
14633
14487
14686
14634
14629
14393
14475
14533
14615
14407
14286
14323
14664
14486
14240
14246
14442
14201
14247
14258
14220
14076
14296
14228
14041
14232
14139
14019
13946
14281
14084
13678
13832
13790
13782
13820
13655
13680
13781
13386
13722
13847
13611
13601
13355
13452
13533
13550
13470
13358
13269
13432
13187
13175
13438
13181
13066
13180
13096
13072
12979
13056
13049
13091
13012
13042
12830
13095
12933
12979
12842
12742
12736
12500
12923
12528
12832
12389
12518
12688
12693
12648
12606
12549
12745
12389
12456
12522
12210
12441
12473
12270
12544
12319
12263
12215
12363
12256
12150
11993
12211
12024
12041
12241
12122
12064
11948
11734
11718
11837
11796
11743
11801
11710
11903
11749
11683
11621
11592
11714
11619
11757
11524
11662
11288
11587
11397
11520
11262
11418
11447
11395
11252
11281
11309
11166
11120
11120
11286
11074
11203
11142
11044
11070
11037
10993
10836
10870
11024
10853
10973
10833
10971
10847
10761
10737
10662
10766
10781
10817
10839
10692
10749
10430
10597
10701
10791
10629
10834
10456
10477
10469
10449
10524
10362
10516
10274
10362
10321
10231
10301
10246
10376
10309
10183
10242
10079
10378
10066
10066
10140
10032
10016
9936
9952
9954
9866
9952
9929
9869
9859
9758
9688
9753
9947
9748
9824
9853
9875
9648
9736
9626
9692
9499
9508
9776
9548
9361
9504
9621
9466
9326
9431
9319
9339
9356
9345
9291
9409
9396
9201
9366
9174
9308
9161
9164
9081
9165
9125
9151
9062
9075
8877
8899
9055
8953
9007
8989
8822
8862
8868
8862
8902
8745
8803
8784
8918
8776
8804
8870
8652
8704
8663
8681
8633
8571
8595
8625
8540
8534
8532
8436
8424
8542
8647
8377
8329
8431
8505
8363
8435
8380
8438
8245
8170
8258
8348
8444
8379
8318
8183
8254
8120
8096
8012
8153
7981
7878
8297
8101
7980
8091
8153
7833
7885
7874
8094
8091
7815
7925
7894
7846
7810
7987
7768
7969
8024
7694
7596
7791
7677
7688
7561
7617
7656
7681
7727
7551
7759
7603
7485
7415
7584
7483
7629
7529
7468
7553
7518
7391
7414
7429
7539
7221
7348
7257
7243
7213
7410
7289
7198
7319
7220
7287
7229
7254
7126
7355
7221
7282
7160
7056
7152
7177
6973
7068
7041
6986
6936
6806
6911
7044
6873
6902
7013
6927
7024
6665
6771
6800
6833
6966
6748
6774
6531
6691
6719
6721
6693
6627
6818
6516
6702
6562
6556
6621
6526
6433
6564
6422
6327
6585
6395
6574
6594
6501
6409
6369
6444
6521
6406
6393
6329
6431
6372
6259
6337
6279
6257
6192
6138
6427
6192
6386
6114
6272
6119
6113
6274
5983
6187
6053
6175
6067
5972
6124
6099
6063
6121
5963
5848
6023
5859
5968
5988
5990
5857
5919
5888
5847
5968
5900
5854
5798
5791
5836
5808
5784
5753
5819
5696
5688
5615
5741
5591
5535
5565
5605
5647
5757
5658
5676
5675
5433
5518
5501
5374
5477
5374
5525
5566
5516
5378
5379
5523
5437
5458
5504
5342
5332
5378
5508
5383
5549
5320
5344
5303
5203
5180
5238
5326
5255
5299
5258
5267
5206
5130
5174
5096
5082
5142
5029
5097
5080
5075
5165
5012
5014
5186
4995
4982
4963
4938
5043
4875
4906
4922
4853
4959
4902
4978
4828
4834
4864
4805
4753
4703
4758
4644
4791
4794
4786
4866
4834
4731
4753
4648
4791
4745
4621
4649
4607
4759
4721
4646
4739
4662
4626
4678
4588
4625
4645
4556
4589
4373
4428
4464
4334
4483
4437
4428
4384
4522
4477
4365
4458
4404
4336
4478
4225
4468
4415
4397
4284
4367
4357
4514
4272
4299
4191
4235
4256
4265
4246
4164
4196
4092
4082
4228
4248
4338
4122
4276
4134
4111
4076
4197
4104
4112
4025
4269
4038
4040
4120
4060
3923
3964
3928
4053
3964
4047
3873
3875
3868
4001
3926
3983
3954
3940
3911
3882
3924
3935
3927
3769
3858
3784
3814
3772
3869
3711
3825
3777
3803
3683
3793
3700
3739
3628
3668
3762
3781
3606
3699
3805
3698
3657
3614
3664
3626
3578
3567
3533
3607
3588
3571
3448
3608
3540
3557
3527
3479
3494
3528
3448
3397
3579
3558
3519
3406
3475
3344
3463
3442
3439
3425
3491
3414
3365
3491
3334
3297
3424
3342
3331
3301
3225
3355
3194
3322
3224
3200
3269
3266
3263
3353
3339
3148
3222
3310
3256
3198
3217
3224
3252
3231
3150
3097
3220
3184
3197
3125
3174
3143
3200
3119
3079
3042
3087
3000
3080
3062
2970
3047
2977
2980
2977
2977
2974
2911
2947
2992
3034
2960
2916
2924
3003
2966
2927
2943
2983
2990
2918
2914
2931
2842
2820
2779
2863
2818
2793
2891
2851
2904
2907
2857
2893
2882
2828
2828
2822
2833
2793
2753
2828
2766
2829
2669
2859
2708
2757
2785
2706
2723
2710
2631
2680
2676
2728
2634
2634
2653
2598
2684
2692
2534
2678
2532
2595
2576
2557
2565
2629
2499
2634
2552
2545
2516
2537
2512
2436
2570
2509
2521
2523
2432
2525
2470
2514
2443
2516
2428
2444
2395
2467
2429
2499
2340
2432
2509
2481
2454
2333
2403
2434
2472
2487
2319
2327
2374
2332
2423
2375
2362
2405
2273
2306
2382
2289
2260
2324
2331
2264
2320
2247
2312
2224
2329
2265
2216
2242
2273
2197
2301
2130
2181
2213
2285
2198
2156
2141
2163
2129
2188
2161
2071
2085
2205
2185
2146
2078
2135
2155
2192
2106
2155
2176
2177
2100
2097
2095
2089
2088
2094
2117
2046
2069
2113
2030
2061
2037
2109
2024
2005
2079
2033
2020
2068
2050
1946
2058
2000
1942
1982
1970
1901
1989
2072
1977
1921
2003
1900
1877
1957
1850
1927
1927
1923
1935
1973
1873
1907
1854
1876
1847
1908
1894
1946
1805
1809
1881
1785
1816
1870
1872
1909
1799
1825
1796
1780
1774
1838
1777
1807
1806
1774
1736
1789
1713
1789
1770
1765
1825
1799
1757
1766
1723
1682
1809
1754
1827
1678
1709
1657
1713
1650
1734
1797
1707
1692
1636
1677
1764
1709
1685
1678
1622
1676
1597
1595
1590
1676
1654
1599
1611
1682
1663
1675
1613
1554
1556
1657
1535
1576
1571
1592
1652
1584
1546
1620
1620
1529
1527
1517
1577
1621
1473
1543
1481
1549
1553
1430
1524
1499
1549
1548
1518
1474
1551
1481
1564
1498
1525
1478
1490
1470
1451
1531
1435
1425
1528
1485
1543
1421
1452
1423
1396
1390
1399
1476
1407
1409
1442
1347
1436
1393
1390
1432
1331
1370
1378
1362
1378
1328
1265
1374
1328
1363
1380
1334
1315
1333
1356
1381
1350
1341
1298
1393
1370
1313
1346
1276
1254
1292
1307
1270
1259
1297
1350
1323
1335
1292
1273
1293
1219
1267
1212
1320
1248
1254
1179
1280
1238
1238
1248
1183
1209
1259
1229
1242
1261
1187
1258
1119
1213
1208
1183
1220
1215
1169
1142
1184
1166
1165
1167
1208
1137
1126
1179
1138
1143
1181
1191
1126
1112
1146
1101
1062
1169
1116
1174
1057
1091
1161
1126
1137
1139
1126
1111
1170
1095
1090
1151
1068
1046
1161
1047
1171
1063
1062
1083
1040
1062
1141
1085
1047
1078
1074
1049
1058
1025
1023
1053
988
1020
1051
1023
986
1085
972
1014
1045
956
1019
1051
999
996
966
1040
993
1011
934
1038
969
990
987
958
970
1042
1029
1004
992
978
968
937
956
965
943
927
960
892
946
910
976
919
911
892
910
919
934
944
898
870
898
925
882
922
892
897
898
844
922
901
925
880
880
825
858
854
857
893
875
904
913
853
815
793
855
850
838
874
872
863
831
824
853
832
858
820
799
796
871
818
844
789
839
856
838
818
813
793
849
820
806
801
850
747
721
774
796
802
829
796
812
814
778
797
750
789
750
772
769
772
779
773
769
704
765
741
781
727
740
701
778
781
770
762
789
700
722
739
670
691
733
712
700
735
757
716
653
730
676
695
687
747
675
697
710
675
732
719
697
689
698
701
694
679
685
658
668
679
637
621
652
656
657
635
693
665
608
680
664
662
668
638
673
654
624
619
619
661
628
617
639
626
653
590
644
614
695
651
675
658
631
653
645
610
584
611
632
622
594
596
582
591
602
577
597
607
591
589
616
549
571
587
604
633
609
612
638
589
583
571
577
571
560
533
581
564
514
530
534
576
600
524
552
559
556
573
558
541
562
551
521
587
493
545
564
510
543
509
559
536
531
533
541
530
532
502
515
500
535
526
510
501
529
535
519
490
514
502
497
511
495
495
453
488
497
454
498
477
475
536
508
482
534
477
502
479
470
461
451
500
455
454
467
483
474
513
468
461
462
478
479
435
493
496
416
476
448
480
468
479
423
437
456
453
453
432
433
442
389
457
405
439
421
460
450
448
414
466
425
444
425
434
447
427
447
387
436
424
428
452
374
389
394
409
416
416
395
407
439
435
383
404
406
409
394
412
407
376
407
372
385
416
399
388
385
356
361
369
376
435
370
418
392
356
403
381
343
311
424
376
363
386
423
347
388
366
390
360
393
358
352
391
357
357
364
360
366
368
393
365
331
360
342
367
344
317
356
365
358
353
348
371
308
350
327
333
332
364
319
342
359
320
306
343
335
317
342
330
347
332
346
315
318
300
303
321
333
311
292
302
315
313
302
289
352
309
304
306
287
302
294
309
307
299
333
278
298
304
296
300
306
307
286
281
305
293
333
314
294
301
320
305
321
264
302
283
317
279
305
285
314
294
269
297
287
256
271
292
286
294
300
274
277
273
280
288
245
278
289
267
270
280
265
266
264
266
284
274
241
271
274
256
244
288
261
233
278
254
272
262
248
253
247
262
252
246
255
269
265
242
273
264
237
258
232
235
237
269
235
242
258
242
232
245
222
239
226
247
246
257
261
235
251
247
225
212
217
231
183
228
243
209
226
217
213
218
221
229
253
231
222
217
190
207
223
231
233
197
226
220
199
222
185
199
228
227
210
217
241
232
185
201
220
196
208
202
225
228
225
210
202
230
217
200
204
199
190
200
195
198
197
219
166
196
233
199
193
194
197
208
199
186
201
192
177
197
176
198
200
182
203
192
199
192
175
193
185
186
193
193
198
177
180
188
169
181
189
191
200
175
188
196
170
178
177
182
171
200
174
179
173
163
192
173
177
164
206
166
166
160
163
176
175
149
165
164
163
178
155
168
156
178
178
189
153
142
160
184
171
169
171
146
163
168
166
144
157
162
192
155
159
146
173
169
161
164
159
146
165
110
155
161
165
129
126
169
150
158
142
166
126
137
146
152
149
148
130
121
144
151
148
140
117
149
136
133
137
149
135
136
138
140
126
117
166
126
115
134
147
134
148
142
146
126
114
120
126
131
138
116
127
126
121
134
147
130
128
125
162
123
140
142
121
133
134
117
124
123
123
114
141
120
134
126
121
95
136
102
128
129
124
137
141
126
107
116
131
107
124
112
132
121
99
101
125
119
122
98
109
110
126
121
123
128
109
110
104
118
132
104
111
118
108
107
113
89
101
114
119
100
105
113
119
121
106
102
107
103
109
101
113
104
116
112
116
109
109
111
107
101
110
104
95
102
104
111
121
110
110
94
96
99
85
102
95
102
89
95
106
93
72
82
87
114
101
101
121
100
93
105
105
92
105
80
91
84
89
87
102
93
86
107
86
95
95
87
89
91
93
87
76
90
92
95
82
92
80
88
105
84
104
96
93
86
79
74
90
82
84
97
97
87
78
80
82
86
85
90
69
60
74
84
87
90
74
61
89
59
70
57
97
70
81
81
94
69
78
72
87
67
88
77
84
81
72
82
71
70
76
69
66
71
71
87
75
83
66
83
61
80
73
73
81
81
74
80
76
66
72
96
67
88
74
64
65
79
64
70
77
70
72
79
71
69
64
76
66
66
71
72
65
77
57
74
62
67
60
76
78
77
48
66
77
72
66
59
76
63
60
64
51
62
87
58
60
52
66
66
67
52
59
64
57
72
62
61
68
61
62
57
68
47
62
61
63
56
46
47
51
68
59
61
50
40
63
51
55
67
58
69
56
70
53
61
60
44
59
52
47
44
61
58
62
43
47
59
50
58
54
63
58
58
53
60
70
40
42
43
56
49
57
50
62
47
59
60
39
49
68
58
48
59
50
58
60
44
49
48
48
59
61
49
43
33
42
41
45
53
33
47
62
47
40
47
48
52
59
35
49
33
44
54
47
44
38
57
51
41
52
51
48
49
36
33
55
49
48
53
57
49
53
41
54
39
47
52
48
59
45
43
34
38
33
41
47
39
52
43
37
43
46
33
42
40
36
41
30
40
39
38
37
44
53
35
18
34
47
46
46
36
39
43
33
30
32
40
40
40
44
42
37
42
40
34
34
42
35
40
37
32
21
30
37
33
25
41
39
36
51
45
42
27
38
32
34
41
35
33
34
36
26
31
31
34
37
31
32
35
37
36
33
30
35
38
25
35
31
41
32
36
37
38
40
29
39
29
18
28
38
27
35
30
34
27
42
45
28
21
38
30
24
20
33
33
37
33
25
19
36
28
30
26
27
33
32
32
33
29
28
29
22
30
31
42
25
34
25
37
29
22
26
36
29
23
35
22
30
36
21
43
44
26
20
28
25
22
31
29
25
23
22
23
33
40
18
11
32
30
30
27
20
25
32
25
27
24
23
19
27
30
21
16
28
29
20
25
24
29
29
26
16
16
24
18
21
22
22
22
22
31
25
24
22
24
19
29
28
30
28
19
27
25
24
24
30
20
16
29
23
10
27
13
27
23
26
20
15
29
22
23
30
20
16
19
29
20
20
26
31
19
20
25
24
16
11
12
24
20
24
21
16
15
24
17
20
26
7
18
22
23
15
26
19
20
14
14
16
21
23
18
20
14
20
14
23
17
17
19
20
18
17
15
25
20
13
17
22
19
15
18
20
21
13
20
20
13
12
15
16
13
19
12
19
28
13
15
22
14
18
17
15
14
17
20
16
17
19
24
20
21
16
14
17
21
21
19
15
25
20
14
15
16
5
17
17
14
9
17
27
14
12
13
16
15
16
17
13
21
15
15
14
16
19
15
18
17
16
13
17
12
17
27
15
13
11
11
19
23
18
13
11
14
7
12
16
16
14
12
12
17
18
18
18
10
16
7
14
23
13
17
10
15
11
15
14
12
10
7
10
14
16
11
20
15
16
19
13
12
19
12
17
18
14
17
11
11
19
14
15
10
15
10
8
14
9
12
10
10
16
14
15
16
12
4
12
14
15
12
11
12
11
12
10
12
14
12
9
12
13
8
11
13
14
9
9
10
13
13
16
12
10
8
13
13
9
18
16
11
12
13
15
8
11
9
6
6
17
15
10
9
9
8
11
12
7
7
15
11
9
7
12
12
7
6
12
8
11
8
6
11
13
5
8
7
8
9
7
5
5
12
6
11
8
12
7
5
6
9
5
11
14
13
8
14
10
10
5
9
11
6
6
9
13
6
9
7
11
6
6
6
7
7
4
9
4
10
10
5
6
12
9
11
8
5
10
11
3
5
3
5
12
11
7
11
1
7
12
9
7
3
7
8
3
9
5
4
13
11
6
10
7
8
8
10
14
9
8
6
4
5
8
9
5
8
9
11
9
13
7
4
7
8
8
9
5
1
9
6
8
4
5
7
6
8
7
4
7
9
5
4
6
6
10
4
13
10
7
6
8
5
10
5
2
2
8
13
3
2
3
4
5
12
5
7
10
2
8
8
4
9
7
6
4
5
7
7
6
9
9
3
4
7
8
6
7
4
7
6
7
4
7
5
7
12
4
9
12
5
8
4
9
5
6
6
5
6
5
5
4
3
1
4
4
2
5
3
4
2
7
5
7
8
4
3
6
7
7
4
3
6
5
4
5
6
4
8
3
3
6
5
6
6
5
7
0
1
3
6
7
4
5
6
2
4
4
6
2
6
4
7
7
4
5
6
8
1
5
4
4
10
4
2
5
2
10
2
5
4
5
6
6
5
4
1
5
4
4
7
3
7
8
3
5
0
3
5
4
2
9
4
3
7
7
4
7
3
6
3
3
2
2
4
3
5
7
4
6
5
4
5
6
3
2
9
1
6
2
7
9
1
4
2
3
7
6
5
2
2
5
5
5
2
6
2
8
2
7
2
1
6
5
6
9
3
5
8
2
2
0
2
5
4
2
3
6
4
4
6
2
2
1
6
2
0
1
5
2
4
6
2
2
5
7
2
0
1
7
2
1
6
4
3
3
4
2
3
2
3
3
2
4
0
9
4
3
4
4
4
1
3
2
4
4
2
7
5
3
3
4
6
2
4
4
4
5
2
1
3
3
2
2
0
4
4
2
3
3
5
1
6
4
3
2
1
2
3
2
6
1
1
2
4
2
3
5
4
0
5
1
0
0
3
5
3
0
4
0
1
0
3
0
0
0
4
2
0
1
0
0
0
2
2
2
1
3
2
6
1
6
5
1
4
1
1
2
3
0
1
1
1
3
3
4
0
4
2
5
1
1
0
3
1
5
4
4
4
1
3
4
2
2
0
1
1
2
0
3
1
2
2
1
2
2
2
2
2
2
1
2
5
5
1
1
4
1
1
4
1
1
2
2
2
1
1
2
4
2
1
2
3
0
3
1
3
2
0
3
2
2
1
0
3
1
2
1
0
4
0
2
7
0
3
3
0
1
0
0
2
1
3
1
1
2
4
1
4
1
3
2
3
2
0
1
4
1
2
1
1
2
0
3
1
2
2
0
3
2
4
3
1
0
2
2
1
3
0
0
1
3
1
5
1
4
3
1
2
1
2
2
2
1
2
1
1
1
3
2
2
2
0
2
0
1
0
1
1
2
1
3
3
2
0
1
0
4
3
1
0
2
1
0
0
1
2
3
2
2
4
1
1
2
0
2
0
2
1
6
0
2
1
3
3
0
1
2
2
1
1
0
1
2
1
1
1
1
1
1
0
1
4
0
0
1
0
1
1
2
3
2
1
1
2
1
0
0
3
3
2
0
1
2
2
1
0
1
0
1
2
2
1
0
1
1
1
1
0
1
3
4
0
1
0
3
1
0
0
1
1
1
4
1
3
3
1
2
0
2
1
0
1
0
1
2
0
0
1
1
1
3
2
2
0
1
1
2
1
2
3
0
1
1
0
0
0
2
1
0
0
0
0
0
3
1
0
1
2
1
0
0
0
4
0
1
0
2
1
0
1
0
1
1
2
1
2
1
1
0
1
0
1
0
0
0
1
1
0
0
0
1
1
1
1
0
0
1
1
0
0
2
0
0
0
1
1
1
0
1
1
0
0
1
0
1
0
0
0
0
2
0
0
1
1
2
2
1
1
0
1
0
0
0
0
0
0
1
0
0
1
0
0
0
1
0
0
0
0
0
1
1
0
0
1
3
2
0
1
0
1
2
0
0
0
2
0
1
1
0
1
0
0
0
1
0
0
0
1
0
0
1
1
3
0
1
2
1
0
1
1
1
1
2
0
0
0
0
0
0
0
0
0
2
1
0
2
0
0
0
1
1
2
1
0
3
0
0
0
0
0
0
1
1
0
4
0
1
1
0
1
1
0
1
1
1
0
0
0
0
0
1
0
0
0
2
1
1
0
0
2
0
0
0
1
1
0
0
0
0
0
0
1
1
0
1
1
1
3
0
0
1
1
0
0
0
0
0
0
0
0
0
0
1
0
0
1
2
0
0
0
0
1
0
0
1
2
0
0
1
0
1
1
1
3
0
0
0
0
2
1
0
0
1
2
0
0
0
1
0
1
0
0
0
0
0
0
0
0
1
1
1
0
0
2
0
0
0
0
1
0
0
0
1
2
0
0
0
0
0
0
0
0
1
0
0
1
0
0
0
0
1
0
1
0
0
0
1
0
0
0
0
1
1
0
0
1
0
0
0
0
0
0
1
2
1
1
0
2
1
0
0
0
0
0
0
0
0
0
1
1
0
1
0
0
0
1
0
0
0
0
1
0
0
0
0
1
0
0
0
0
0
0
0
0
0
0
1
1
0
0
1
1
0
0
1
1
1
0
2
1
0
0
1
0
0
0
0
0
0
0
0
0
0
0
0
0
0
0
0
1
0
0
0
1
0
0
0
0
0
0
0
0
0
0
0
0
0
0
0
1
0
0
1
2
0
0
0
0
0
0
0
0
0
0
1
1
0
0
0
1
0
0
0
0
0
1
0
0
0
0
0
0
0
0
1
0
0
0
0
1
0
0
1
0
1
0
0
0
0
0
0
0
0
0
1
0
1
0
0
1
1
1
0
0
0
0
0
0
0
0
0
1
0
0
0
0
0
0
0
1
1
1
0
0
1
0
1
0
0
0
1
0
0
0
0
0
1
1
1
0
0
0
0
0
0
0
0
0
0
0
0
0
0
0
0
1
0
0
0
0
0
0
0
0
0
0
0
0
1
0
0
0
0
0
0
0
0
0
0
0
0
0
0
0
0
1
0
1
0
0
1
1
0
0
1
0
0
1
0
0
1
0
0
0
0
1
0
0
1
0
0
0
0
1
0
0
0
0
0
1
0
0
0
0
0
0
0
0
0
1
0
0
0
0
0
0
0
0
0
0
0
0
0
0
0
0
0
0
0
0
0
0
0
0
0
0
0
0
0
0
0
0
0
1
0
0
0
0
1
0
0
0
0
1
1
0
0
0
1
1
0
0
0
0
0
0
0
0
0
1
0
0
0
0
1
0
0
0
1
0
0
0
0
0
0
1
0
0
0
0
0
1
0
0
1
1
0
0
0
0
0
0
1
0
0
0
0
0
0
0
0
0
0
0
0
1
0
0
1
0
0
0
0
0
0
0
0
0
0
0
0
0
0
0
0
0
0
0
1
0
0
0
0
0
0
0
0
1
0
0
0
0
0
0
0
0
0
0
0
0
0
0
0
0
0
0
1
0
0
0
1
0
0
0
0
0
0
0
0
0
0
0
0
0
1
1
0
0
0
0
0
1
1
0
0
0
0
0
0
0
0
0
0
0
0
0
0
0
0
0
0
1
0
0
0
0
0
0
0
0
0
0
0
0
0
0
0
0
0
0
0
0
0
0
0
0
0
0
0
0
0
1
0
0
0
0
0
0
0
0
0
0
0
0
0
0
0
0
0
0
0
0
0
0
0
0
0
0
0
0
0
0
0
0
0
0
0
0
0
0
1
0
0
0
0
0
0
0
0
0
0
0
0
0
0
0
0
0
0
0
0
0
0
0
0
0
0
0
0
0
0
1
0
0
0
0
0
0
0
0
0
0
0
0
0
0
0
0
0
0
0
0
0
0
0
0
0
0
0
0
0
0
0
0
0
0
0
0
0
0
0
0
0
0
0
0
1
0
0
0
0
0
1
0
0
0
0
0
1
0
0
0
0
0
0
0
0
0
0
0
0
1
0
0
0
0
0
0
1
0
0
0
0
0
0
0
0
0
0
0
0
0
0
0
0
0
0
0
0
0
0
0
0
0
0
0
0
0
0
0
2
0
0
0
0
0
0
0
0
0
0
0
0
0
0
0
0
0
0
0
0
0
0
0
0
0
0
0
0
0
0
0
0
0
0
0
1
0
0
0
0
0
0
0
0
0
0
0
0
0
0
0
0
0
0
0
0
0
0
0
0
0
0
0
0
0
0
0
0
1
0
0
0
0
0
0
0
0
0
0
0
0
0
0
0
0
0
0
0
0
0
0
0
0
0
0
0
1
0
0
0
0
0
0
0
0
0
0
0
0
0
0
0
0
0
0
0
0
0
0
0
0
0
0
0
0
0
0
0
0
0
0
0
0
0
0
0
0
0
0
0
0
0
0
0
0
0
0
0
0
0
0
0
0
0
0
0
1
0
1
0
0
0
0
0
0
0
0
0
0
0
0
0
0
0
0
0
0
0
0
0
0
0
0
0
0
1
0
0
0
0
0
0
0
0
0
0
0
0
0
0
0
0
0
0
0
0
0
0
0
0
0
0
0
0
0
0
0
0
0
0
0
0
0
0
0
0
0
0
0
0
0
0
0
0
0
0
0
0
0
0
0
0
0
0
0
0
0
0
0
0
0
0
0
0
0
0
0
0
0
0
0
0
0
0
0
0
0
0
0
0
0
0
0
0
0
0
0
0
0
0
0
0
1
0
0
0
0
0
0
1
0
0
0
0
0
0
0
0
0
0
0
0
0
0
0
0
0
0
0
0
0
0
1
0
0
0
0
0
0
0
0
0
0
0
0
0
0
0
0
0
0
0
0
0
0
0
0
0
0
0
0
0
0
0
0
0
0
0
0
0
0
0
0
0
0
0
0
0
0
0
0
0
0
0
0
0
0
0
0
0
0
0
0
0
0
0
0
0
0
0
0
0
0
0
0
0
0
0
0
0
0
0
0
0
0
0
0
0
0
0
0
0
0
0
0
0
0
0
0
0
0
0
0
0
0
0
0
0
0
0
0
0
0
0
0
0
0
0
0
0
0
0
0
0
0
0
0
0
0
0
0
0
0
0
0
0
0
0
0
0
0
0
0
0
0
0
0
0
0
0
0
0
0
0
1
0
0
0
0
0
0
0
0
0
0
0
0
0
0
0
0
0
0
0
0
0
0
0
0
0
0
0
0
0
0
0
0
0
0
0
0
0
0
0
0
0
0
0
1
0
0
0
0
0
0
0
0
0
0
0
0
0
0
0
0
0
0
0
0
0
0
0
0
0
0
0
0
0
0
0
0
0
0
0
0
0
0
0
0
0
0
0
0
0
0
0
0
0
0
0
0
0
0
0
0
0
0
0
0
0
0
0
0
0
0
0
0
0
0
0
0
0
0
0
0
0
0
0
0
0
0
0
0
0
0
0
0
0
0
0
0
0
0
0
0
0
0
0
0
0
0
0
0
0
0
0
0
0
0
0
0
0
0
0
0
0
0
0
0
0
0
0
0
0
0
0
0
0
0
0
0
0
0
0
0
0
0
0
0
0
0
0
0
0
0
0
0
0
0
0
0
0
0
0
0
0
0
0
0
0
0
0
0
0
0
0
0
0
0
0
0
0
0
0
0
0
0
0
0
0
0
0
0
0
0
0
0
0
0
0
0
0
0
0
0
0
0
0
0
0
0
0
0
0
0
0
0
0
0
0
0
0
0
0
0
0
0
0
0
0
0
0
0
0
0
0
0
0
0
0
0
0
0
0
0
0
0
0
0
0
0
0
0
0
0
0
0
0
0
0
0
0
0
0
0
0
0
0
0
0
0
0
0
0
0
0
0
0
0
0
0
0
0
0
0
0
0
0
0
0
0
0
0
0
0
0
0
0
0
0
0
0
0
0
0
0
0
0
0
0
0
0
0
0
0
0
0
0
0
0
0
0
0
0
0
0
0
0
0
0
0
0
0
0
0
0
0
0
0
0
0
0
0
0
0
0
0
0
0
0
0
0
0
0
0
0
0
0
0
0
0
0
0
0
0
0
0
0
0
0
0
0
0
0
0
0
0
0
0
0
0
0
0
0
0
0
0
0
0
0
0
0
0
0
0
0
0
0
0
0
0
0
0
0
0
0
0
0
0
0
0
0
0
0
0
0
0
0
0
0
0
0
0
0
0
0
0
0
0
0
0
0
0
0
0
0
0
0
0
0
0
0
0
0
0
0
0
0
0
0
0
0
0
0
0
0
0
0
0
0
0
0
0
0
0
0
0
0
0
0
0
0
0
0
0
0
0
0
0
0
0
0
0
0
0
0
0
0
0
0
0
0
0
0
0
0
0
0
0
0
0
0
0
0
0
0
0
0
0
0
0
0
0
0
0
0
0
0
0
0
0
0
0
0
0
0
0
0
0
0
0
0
0
0
0
0
0
0
0
0
0
0
0
0
0
0
0
0
0
0
0
0
0
0
0
0
0
0
0
0
0
0
0
0
0
0
0
0
0
0
0
0
0
0
0
0
0
0
0
0
0
0
0
0
0
0
0
0
0
0
0
0
0
0
0
0
0
0
0
0
0
0
0
0
0
0
0
0
0
0
0
0
0
0
0
0
0
0
0
0
0
0
0
0
0
0
0
0
0
0
0
0
0
0
0
0
0
0
0
0
0
0
0
0
0
0
0
0
0
0
0
0
0
0
0
0
0
0
0
0
0
0
0
0
0
0
0
0
0
0
0
0
0
0
0
0
0
0
0
0
0
0
0
0
0
0
0
0
0
0
0
0
0
0
0
0
0
0
0
0
0
0
0
0
0
0
0
0
0
0
0
0
0
0
0
0
0
0
0
0
0
0
0
0
0
0
0
0
0
0
0
0
0
0
0
0
0
0
0
0
0
0
0
0
0
0
0
0
0
0
0
0
0
0
0
0
0
0
0
0
0
0
0
0
0
0
0
0
0
0
0
0
0
0
0
0
0
0
0
0
0
0
0
0
0
0
0
0
0
0
0
0
0
0
0
0
0
0
0
0
0
0
0
0
0
0
0
0
0
0
0
0
0
0
0
0
0
0
0
0
0
0
0
0
0
0
0
0
0
0
0
0
0
0
0
0
0
0
0
0
0
0
0
0
0
0
0
0
0
0
0
0
0
0
0
0
0
0
0
0
0
0
0
0
0
0
0
0
0
0
0
0
0
0
0
0
0
0
0
0
0
0
0
0
0
0
0
0
0
0
0
0
0
0
0
0
0
0
0
0
0
0
0
0
0
0
0
0
0
0
0
0
0
0
0
0
0
0
0
0
0
0
0
0
0
0
0
0
0
0
0
0
0
0
0
0
0
0
0
0
0
0
0
0
0
0
0
0
0
0
0
0
0
0
0
0
0
0
0
0
0
0
0
0
0
0
0
0
0
0
0
0
0
0
0
0
0
0
0
0
0
0
0
0
0
0
0
0
0
0
0
0
0
0
0
0
0
0
0
0
0
0
0
0
0
0
0
0
0
0
0
0
0
0
0
0
0
0
0
0
0
0
0
0
0
0
0
0
0
0
0
0
0
0
0
0
0
0
0
0
0
0
0
0
0
0
0
0
0
0
0
0
0
0
0
0
0
0
0
0
0
0
0
0
0
0
0
0
0
0
0
0
0
0
0
0
0
0
0
0
0
0
0
0
0
0
0
0
0
0
0
0
0
0
0
0
0
0
0
0
0
0
0
0
0
0
0
0
0
0
0
0
0
0
0
0
0
0
0
0
0
0
0
0
0
0
0
0
0
0
0
0
0
0
0
0
0
0
0
0
0
0
0
0
0
0
0
0
0
0
0
0
0
0
0
0
0
0
0
0
0
0
0
0
0
0
0
0
0
0
0
0
0
0
0
0
0
0
0
0
0
0
0
0
0
0
0
0
0
0
0
0
0
0
0
0
0
0
0
0
0
0
0
0
0
0
0
0
0
0
0
0
0
0
0
0
0
0
0
0
0
0
0
0
0
0
0
0
0
0
0
0
0
0
0
0
0
0
0
0
0
0
0
0
0
0
0
0
0
0
0
0
0
0
0
0
0
0
0
0
0
0
0
0
0
0
0
0
0
0
0
0
0
0
0
0
0
0
0
0
0
0
0
0
0
0
0
0
0
0
0
0
0
0
0
0
0
0
0
0
0
0
0
0
0
0
0
0
0
0
0
0
0
0
0
0
0
0
0
0
0
0
0
0
0
0
0
0
0
0
0
0
0
0
0
0
0
0
0
0
0
0
0
0
0
0
0
0
0
0
0
0
0
0
0
0
0
0
0
0
0
0
0
0
0
0
0
0
0
0
0
0
0
0
0
0
0
0
0
0
0
0
0
0
0
0
0
0
0
0
0
0
0
0
0
0
0
0
0
0
0
0
0
0
0
0
0
0
0
0
0
0
0
0
0
0
0
0
0
0
0
0
0
0
0
0
0
0
0
0
0
0
0
0
0
0
0
0
0
0
0
0
0
0
0
0
0
0
0
0
0
0
0
0
0
0
0
0
0
0
0
0
0
0
0
0
0
0
0
0
0
0
0
0
0
0
0
0
0
0
0
0
0
0
0
0
0
0
0
0
0
0
0
0
0
0
0
0
0
0
0
0
0
0
0
0
0
0
0
0
0
0
0
0
0
0
0
0
0
0
0
0
0
0
0
0
0
0
0
0
0
0
0
0
0
0
0
0
0
0
0
0
0
0
0
0
0
0
0
0
0
0
0
0
0
0
0
0
0
0
0
0
0
0
0
0
0
0
0
0
0
0
0
0
0
0
0
0
0
0
0
0
0
0
0
0
0
0
0
0
0
0
0
0
0
0
0
0
0
0
0
0
0
0
0
0
0
0
0
0
0
0
0
0
0
0
0
0
0
0
0
0
0
0
0
0
0
0
0
0
0
0
0
0
0
0
0
0
0
0
0
0
0
0
0
0
0
0
0
0
0
0
0
0
0
0
0
0
0
0
0
0
0
0
0
0
0
0
0
0
0
0
0
0
0
0
0
0
0
0
0
0
0
0
0
0
0
0
0
0
0
0
0
0
0
0
0
0
0
0
0
0
0
0
0
0
0
0
0
0
0
0
0
0
0
0
0
0
0
0
0
0
0
0
0
0
0
0
0
0
0
0
0
0
0
0
0
0
0
0
0
0
0
0
0
0
0
0
0
0
0
0
0
0
0
0
0
0
0
0
0
0
0
0
0
0
0
0
0
0
0
0
0
0
0
0
0
0
0
0
0
0
0
0
0
0
0
0
0
0
0
0
0
0
0
0
0
0
0
0
0
0
0
0
0
0
0
0
0
0
0
0
0
0
0
0
0
0
0
0
0
0
0
0
0
0
0
0
0
0
0
0
0
0
0
0
0
0
0
0
0
0
0
0
0
0
0
0
0
0
0
0
0
0
0
0
0
0
0
0
0
0
0
0
0
0
0
0
0
0
0
0
0
0
0
0
0
0
0
0
0
0
0
0
0
0
0
0
0
0
0
0
0
0
0
0
0
0
0
0
0
0
0
0
0
0
0
0
0
0
0
0
0
0
0
0
0
0
0
0
0
0
0
0
0
0
