0
0
0
0
0
0
0
0
0
0
0
0
0
0
0
0
0
0
0
0
0
0
0
0
0
0
0
0
0
0
0
0
0
0
0
0
0
0
0
0
0
0
0
0
0
0
0
0
0
0
0
0
0
0
0
0
0
0
0
0
0
0
0
0
0
0
0
0
0
0
0
0
0
0
0
0
0
0
0
0
0
0
0
0
0
0
0
0
0
0
0
0
0
0
0
0
0
0
0
0
0
0
0
0
0
0
0
0
0
0
0
0
0
0
0
0
0
0
0
0
0
0
0
0
0
0
0
0
0
0
0
0
0
0
0
0
0
0
0
0
0
0
0
0
0
0
0
0
0
0
0
0
0
0
0
0
0
0
0
0
0
0
0
0
0
0
0
0
0
0
0
0
0
0
0
0
0
0
0
0
0
0
0
0
0
0
0
0
0
0
0
0
0
0
0
0
0
0
0
0
0
0
0
0
0
0
0
0
0
0
0
0
0
0
0
0
0
0
0
0
0
0
0
0
0
0
0
0
0
0
0
0
0
0
0
0
0
0
0
0
0
0
0
0
0
0
0
0
0
0
0
0
0
0
0
0
0
0
0
0
0
0
0
0
0
0
0
0
0
0
0
0
0
0
0
0
0
0
0
0
0
0
0
0
0
0
0
0
0
0
0
0
0
0
0
0
0
0
0
0
0
0
0
0
0
0
0
0
0
0
0
0
0
0
0
0
0
0
0
0
0
0
0
0
0
0
0
0
0
0
0
0
0
0
0
0
0
0
0
0
0
0
0
0
0
0
0
0
0
0
0
0
0
0
0
0
0
0
0
0
0
0
0
0
0
0
0
0
0
0
0
0
0
0
0
0
0
0
0
0
0
0
0
0
0
0
0
0
0
0
0
0
0
0
0
0
0
0
0
0
0
0
0
0
0
0
0
0
0
0
0
0
0
0
0
0
0
0
0
0
0
0
0
0
0
0
0
0
0
0
0
0
0
0
0
0
0
0
0
0
0
0
0
0
0
0
0
0
0
0
0
0
0
0
0
0
0
0
0
0
0
0
0
0
0
0
0
0
0
0
0
0
0
0
0
0
0
0
0
0
0
0
0
0
0
0
0
0
0
0
0
0
0
0
0
0
0
0
0
0
0
0
0
0
0
0
0
0
0
0
0
0
0
0
0
0
0
0
0
0
0
0
0
0
0
0
0
0
0
0
0
0
0
0
0
0
0
0
0
0
0
0
0
0
0
0
0
0
0
0
0
0
0
0
0
0
0
0
0
0
0
0
0
0
0
0
0
0
0
0
0
0
0
0
0
0
0
0
0
0
0
0
0
0
0
0
0
0
0
0
0
0
0
0
0
0
0
0
0
0
0
0
0
0
0
0
0
0
0
0
0
0
0
0
0
0
55
48
59
52
45
52
46
51
58
59
63
62
47
65
60
44
55
58
45
45
41
51
35
50
44
50
59
52
48
37
42
45
53
52
41
38
39
33
52
59
58
39
47
55
50
47
52
47
185
174
177
190
203
205
199
197
173
177
180
202
196
190
185
186
152
186
164
146
111
104
101
91
100
89
58
67
64
55
50
51
64
54
57
61
51
65
57
63
37
60
56
58
48
65
63
71
119
102
115
107
112
117
131
107
123
125
109
128
108
129
127
107
108
122
114
82
86
56
77
64
71
60
65
53
67
63
50
77
57
81
90
61
76
80
93
83
89
92
77
96
112
120
106
110
119
118
117
120
139
144
135
150
167
156
166
155
168
166
154
178
170
198
181
193
207
180
217
198
192
222
269
225
233
251
238
261
257
282
249
278
283
290
279
327
354
371
319
350
332
314
347
368
407
373
375
395
396
425
413
411
417
426
453
460
485
475
463
458
442
493
534
522
547
568
564
582
574
568
602
572
594
629
646
681
636
666
650
652
696
710
729
750
708
751
743
755
772
777
773
811
796
799
801
826
871
871
857
919
878
888
924
953
940
987
1013
945
990
1026
1027
1045
1120
1108
1112
1146
1093
1104
1217
1193
1176
1221
1241
1266
1243
1331
1297
1314
1375
1397
1345
1408
1442
1442
1398
1528
1516
1479
1512
1554
1599
1537
1616
1675
1693
1672
1709
1781
1754
1683
1766
1734
1825
1850
1873
1924
1875
1886
1951
1964
1952
2006
2039
2069
2080
2094
2200
2154
2217
2212
2262
2348
2330
2292
2415
2287
2455
2444
2455
2489
2526
2599
2620
2627
2614
2690
2655
2755
2783
2843
2856
2981
2883
2909
2929
2949
3094
3155
3083
3095
3033
3214
3322
3185
3221
3184
3383
3370
3486
3469
3519
3514
3535
3604
3635
3507
3676
3730
3787
3832
3676
3829
3920
3903
3986
4137
4148
4129
4108
4271
4266
4221
4273
4362
4353
4633
4468
4583
4536
4636
4607
4752
4636
4667
4648
4791
4865
4827
4934
5102
5041
4923
5117
5032
5377
5010
5157
5280
5363
5224
5502
5452
5429
5567
5497
5674
5595
5890
5749
5800
5916
5839
5951
5948
6094
6053
6043
6191
6254
6252
6389
6395
6433
6455
6598
6605
6727
6622
6645
6900
6719
7030
6898
6949
7062
7051
7078
7199
7206
7245
7377
7474
7485
7314
7729
7747
7685
7755
7814
7731
7803
7952
7660
8049
8054
8173
8233
8200
8268
8368
8524
8465
510740
8381
8471
8381
8678
8568
8621
8714
8725
8850
8705
8872
8883
8836
9074
9132
9134
9259
9263
9245
9510
9529
9351
9622
9586
9762
9745
9724
9836
10061
9821
9937
9954
10239
10185
10413
10326
10425
10655
10535
10552
10693
10768
10878
10888
10752
11008
11164
1426175
12709
12765
13080
13173
13268
13175
13181
13345
13293
13598
13678
13596
13782
13717
13793
13934
13937
13886
13960
14005
14118
14153
14125
14167
14409
14316
14302
14500
14470
14515
14669
14707
14571
14709
14777
14776
14978
15013
15204
15141
15297
15398
15115
15552
15407
15609
15593
2196868
20511
20753
20781
20720
20701
20872
20927
21003
20992
20837
21024
21107
20991
21206
21177
21082
21454
21042
21188
21417
21320
21466
21446
21706
21450
21883
21389
21703
21873
21504
21613
21883
21723
21838
21854
21830
21861
21819
21817
21923
22021
22302
22137
22123
22371
22387
22321
2290383
29164
28849
28850
29253
29275
29453
29280
29074
28888
29307
29200
29047
29369
29385
29293
29344
29416
29190
29459
29324
29681
29612
29450
29612
29886
29382
29394
29639
29679
29532
29394
29878
29891
29649
29650
29888
29897
29529
29948
29935
29937
29792
29553
29839
30188
30122
30221
1822811
36737
36487
36916
36964
36932
36632
36857
36999
36986
36711
36453
37304
36929
37062
37213
37154
37306
37171
37543
36945
37552
37503
37223
37704
37454
37654
37845
37697
37754
37508
37834
37519
37673
37630
37587
37915
37586
37729
37809
37400
37935
37796
37974
37984
37962
37883
37744
1269220
43761
43852
44027
43811
44068
44035
44002
44067
44054
43848
44277
44459
44378
44011
44722
44557
44102
44402
44265
44422
44657
44608
44536
44707
44708
45031
44573
45010
44668
44594
44860
44498
44440
44893
45383
45108
45088
44797
45078
45136
45118
45081
45235
45098
45418
45657
45885
821602
50002
49917
49796
49790
49974
50165
50153
50306
50309
50271
49626
50312
50216
50102
50653
50391
50847
50174
50710
50268
50677
50671
50809
50766
50438
51002
50939
50558
50322
51331
51066
51304
51087
51269
51409
51386
50867
51193
51332
51103
51510
51286
51641
51446
51239
51594
51304
486113
54253
54345
53999
54121
54193
54793
54845
54446
54826
54669
54911
55051
55374
54515
54816
55009
54947
54816
54955
55326
54951
55098
55236
55036
55248
55127
55325
55160
55755
55411
55386
55248
55716
55355
55479
55223
55873
55618
56106
55581
56110
56441
55891
55917
56104
56165
55990
269238
57274
57537
57374
57534
58231
57665
57645
57840
57463
57768
57634
57766
58033
57850
57915
58015
57663
57936
58201
58330
58289
58366
58317
57887
58423
58012
58684
58039
58624
58420
58917
58418
58088
58801
58309
58906
58827
58724
58561
58558
58391
58740
59120
58799
58866
58732
58413
157521
59048
59846
60254
59918
59696
60023
60086
60044
59792
59814
60259
59955
60366
60701
60236
60160
59932
60070
60409
60206
60333
60261
60450
60431
60378
60047
60506
60512
60641
60702
60422
60413
60445
60405
60447
60566
60530
60607
60146
60782
60905
60847
60723
60571
60846
61221
60632
105715
61707
61066
61652
61168
61388
61386
61363
61193
61662
61091
61592
61805
61345
61489
61607
61537
61137
61831
60949
62385
61826
61387
61811
61772
61734
61872
61809
61635
62077
61681
62718
61635
61580
62009
61995
61871
62266
61699
62386
62221
61696
61807
62125
61661
61878
61701
62290
80592
62396
62093
61941
61966
62232
62247
61779
61963
62146
62246
62546
62597
62636
61956
62423
62198
62399
62445
62056
62317
62391
62661
62969
61998
62526
62335
62497
63012
61984
62212
62077
61988
62192
62316
62384
62760
62629
62532
62306
62830
62367
62575
62128
62230
63014
62634
62648
69698
62230
62760
62602
62948
62761
62312
62997
62748
62270
62468
62239
63170
62661
62963
62811
62160
62483
62441
61694
62464
62542
62536
62380
62160
62287
62152
62446
62597
62444
62668
62692
62610
62425
62629
62373
62455
62585
63011
62592
62732
62574
62443
62430
62126
62730
62825
62311
65297
62304
61943
62125
62451
62885
62661
62259
62632
62232
62649
62796
62519
61891
62328
62356
62329
62184
62045
61852
62823
62210
62578
62054
62288
62326
62427
62092
62438
62110
62338
62448
62371
62825
62491
62757
62608
62505
62701
62765
62783
62326
62279
62558
62157
62322
62569
62095
63870
62649
62234
61921
63136
62264
62547
62520
61941
62299
62417
62345
62402
62046
62422
62565
62286
62577
62363
62200
62421
62708
62620
62213
62154
62957
62541
62425
62666
62870
62729
62467
62531
61786
62383
62140
62145
62609
62369
62181
61897
62466
62112
62433
62144
62685
62624
62291
62880
62035
62148
62416
62473
62789
61739
62250
62460
62555
62357
62642
62452
62301
62218
62379
62363
61945
62374
62064
62766
62115
62607
62754
61688
62440
62754
62269
62280
62291
62898
62045
62601
62048
62191
62884
61985
62404
62512
62309
62325
62491
62475
62362
62924
62491
62494
61947
62505
62257
61887
62305
61947
62330
61894
62492
62256
62267
61803
61768
62220
61735
62043
62079
61626
61966
61958
61866
62061
61629
62306
61991
61884
62133
62016
61336
61677
61591
61587
61424
61710
61885
61638
61511
61492
61398
61325
61329
61321
61302
61961
61454
61015
61323
60992
61483
61379
61426
60948
61307
60950
61312
61302
61109
60698
60827
60958
60722
61450
60802
61378
60823
60433
60818
60956
60818
60988
60877
60194
60635
60842
60798
60645
61239
60086
59809
60695
60284
60389
60037
60260
59921
60613
60114
59833
60114
60008
59585
60075
59613
60165
60139
59968
59478
59788
60044
59570
60230
59448
59275
60031
59863
59136
59632
59589
59977
59705
59085
59231
59321
59088
58955
58870
58309
58906
59347
59169
59337
58756
59063
58787
58830
58747
58735
58669
58622
58116
59305
58340
58797
58115
58575
57694
58050
58469
57915
57846
58196
58331
58104
58504
58396
57749
57477
57815
57982
57822
57329
57937
57376
58059
57269
57291
57517
57322
57219
57478
57438
57273
57414
57005
57621
56928
57237
57096
57027
56639
57009
57208
56906
56897
56938
57096
56667
56917
56479
56664
56726
56535
56666
56395
56620
56322
56151
56434
56168
56209
56047
56336
56327
55739
56050
55738
56239
55885
55798
55470
55754
55613
56192
55292
55529
55174
55644
55322
55631
55582
55047
55328
54981
55221
55180
54918
54947
54911
54999
54639
54860
54891
54972
54593
54536
54384
54976
54440
54956
54595
54613
54615
54531
54338
53845
54007
54230
53673
54105
53964
54360
54131
54111
54050
53836
53386
53729
53745
53486
53555
53695
53264
53577
53215
53369
53394
53421
53232
53390
53329
52884
53155
53195
52891
52936
52290
53234
52432
52527
52975
52667
52357
52962
52845
52154
52317
52278
51931
52471
52591
52619
52396
52570
52234
52159
52147
52037
51723
51487
51930
51533
51742
51639
51596
51702
51688
51796
51814
51545
51157
51059
51136
51193
51275
50732
51077
51178
50909
50710
50846
50946
50806
51151
50631
50895
50684
50815
50460
50625
50440
50557
50232
50305
50619
50044
49985
49996
50216
50026
49737
49711
49551
50016
49700
49642
49871
49615
50073
49975
49064
49140
49369
49381
48860
49102
48880
49260
48881
49189
49060
49093
49035
48759
48841
48468
48706
48583
48560
48557
48333
48399
48275
48594
47835
48222
48160
48491
47820
47855
48282
48040
47566
47576
47562
47602
47100
47495
47251
47563
47509
47257
47464
46962
47498
47187
47289
47386
47223
46935
47111
47129
46577
47116
46989
46872
46338
46587
46791
46645
46221
46284
46529
46517
46011
46348
45797
46412
46533
45939
45640
45845
45713
45221
45753
45702
45843
45594
45421
44935
45045
45109
44904
44891
45358
45118
45294
44915
44869
45036
45042
45150
44619
44776
44318
44797
44446
44473
44628
44500
44527
44120
44144
44126
44123
43886
44129
44118
44149
43616
43795
43766
44226
43617
43547
43813
43671
43791
43392
43551
43403
43546
43179
43362
43210
43120
43235
43530
43219
42721
42731
42659
42423
43148
42981
42956
42862
42342
42307
42736
42387
42286
42273
42204
42266
42372
42037
42192
41790
41904
41720
41916
42161
41750
41660
41234
41657
41338
41414
41473
41401
41755
41317
41586
41414
41020
41157
40584
40711
41045
40735
40935
40921
40748
40821
40777
40903
40969
40500
40224
40471
40206
40310
40440
39978
40520
39948
40262
40142
39931
39548
39583
39958
40021
39955
39721
39550
39715
39307
39774
39635
38991
38936
39292
39124
39398
39382
39279
39045
38695
38934
38555
38826
38962
38993
38471
39154
38481
38577
38622
38502
38752
38554
38444
38621
38282
37990
38356
38341
38202
37653
37787
37717
37897
37532
37803
37199
37440
37672
37816
37611
37855
37469
37303
37533
37155
37458
37290
36947
37141
37037
37288
36994
36790
36798
36932
36676
36890
36748
36756
36800
36618
36626
36542
36571
36473
36460
36175
36206
36129
36018
36152
36478
36112
36099
35558
36047
36121
35622
35793
35492
35919
35489
35697
35646
35594
35317
35442
35309
35675
35488
35261
35088
35058
35119
34831
34811
34936
34975
35108
34704
34584
34675
34882
34734
34362
34417
34589
34660
34231
34359
34435
34529
34064
34148
33790
34520
34306
34323
34187
33860
33909
33935
33884
33612
33659
33776
33777
33676
33516
33588
33638
33412
33501
33008
33222
33488
33354
33215
33130
33421
33004
32990
32914
32797
33014
33022
32570
32802
32658
32280
32468
32475
32670
32548
32358
32696
32415
32137
32187
32209
32116
32223
32178
32160
32120
32151
31982
32145
32007
32092
31462
31936
31720
31635
31731
31683
31678
31495
31574
31363
31387
31554
31193
31275
31012
31325
31024
31236
31092
31298
31190
30665
30640
30782
30626
30773
30579
30425
30631
30482
30659
30588
30341
30229
30358
30255
30519
30263
30241
29851
30223
30048
29934
29635
29994
30110
29831
29652
29975
29808
29777
29391
29530
29460
29506
29510
29394
29334
29042
29503
29418
28989
29162
28974
29151
29216
29053
29220
28947
28738
29097
28948
28788
28918
28586
28831
28524
28538
28375
28443
28138
28284
28188
28505
28237
28130
28028
28106
28215
28058
27941
28182
28263
28136
27933
27774
27807
27933
27892
27629
27237
27614
27548
27316
27479
27607
27762
27556
27599
27151
27235
27099
27166
27181
27100
26970
26934
26935
27134
26686
26693
26902
26991
26599
26463
26511
26406
26364
26323
26218
26326
26522
26276
26227
26021
26130
26134
26098
25864
25833
25682
25919
25607
25987
25908
25988
25634
25692
25384
25470
25527
25332
25330
25099
25280
25332
25530
25059
25234
25302
25229
25123
25113
24992
25013
24804
24897
24893
24727
24522
24760
24674
24611
24831
24669
24555
24719
24333
24570
24394
24634
24269
24196
24272
24116
24153
24070
23994
24161
24010
23839
23879
23852
23654
23925
23792
23757
23926
23648
23561
23374
23216
23439
23484
23399
23278
23186
23459
22985
23244
23186
22902
22965
23233
23021
23162
23005
22870
23219
22871
22824
22828
22753
22954
22714
22368
22653
22228
22735
22563
22479
22330
22080
21906
22109
22188
22277
22048
22078
22298
22073
22069
21987
21891
21993
22022
21791
22159
21465
21454
21546
21734
21628
21698
21660
21578
21637
21231
21384
21417
21472
21394
21257
20978
21199
21117
20816
20907
21042
21265
21008
21077
21087
21042
20834
20861
20710
20601
20618
20669
20675
20498
20686
20350
20504
20388
20404
20178
20277
20192
20315
20373
20032
20011
20121
20036
19937
20070
20053
20056
20034
19967
19988
19866
19913
19721
19706
19539
19660
19710
19543
19966
19471
19463
19507
19274
19458
19347
19333
19153
19134
18959
19163
19224
19248
18929
18915
19125
19001
19025
18711
19102
18849
18929
18609
18780
18828
18852
18672
18945
18433
18708
18651
18294
18766
18481
18290
18604
18608
18500
18019
18395
18051
18200
18328
17922
17883
17965
17732
18154
18072
17734
18053
17892
17803
17853
17857
17549
17652
17599
17763
17549
17342
17406
17442
17498
17322
17388
17418
17542
17443
17206
17156
17346
17451
17068
17076
17132
17001
16991
17179
17098
16954
16900
16838
16880
16907
16501
16942
16749
16775
16678
16707
16590
16466
16636
16499
16672
16592
16490
16368
16143
16442
16333
16141
16023
16366
16101
16042
16159
16159
16151
16069
16207
15839
15921
16014
15838
15945
15637
15755
15679
15666
15879
15815
15702
15513
15695
15252
15623
15772
15614
15579
15433
15407
15650
15513
15607
15386
15354
15104
15271
15075
15127
15068
15227
14919
15035
14975
15009
15011
15004
14857
15057
14798
14730
14590
14966
14448
14561
14617
14580
14668
14660
14692
14534
14584
14563
14379
14501
14167
14374
14532
14326
14206
14330
14360
14404
14025
14339
13962
14174
14116
14232
14303
14229
14187
13868
14091
13891
13860
13884
13654
13828
13820
13869
13735
13748
13777
13458
13414
13599
13601
13494
13422
13538
13556
13346
13634
13392
13319
13453
13404
13374
13215
13268
13279
13204
13215
13257
13129
13229
13489
13082
13220
12986
13073
13146
12849
12853
12830
12755
12780
12990
12794
12624
12860
12840
12805
12614
12595
12682
12573
12817
12740
12588
12550
12365
12501
12598
12434
12374
12450
12324
12389
12418
12379
12368
12226
12223
12208
12163
12212
12228
12278
12240
12140
12190
12054
11943
11991
11923
11988
11861
12004
11972
11839
11696
11761
11916
11518
11780
11730
11671
11680
11483
11563
11490
11445
11672
11631
11670
11638
11374
11369
11365
11489
11333
11235
11470
11283
11354
11276
11136
11261
11179
11216
11221
11272
11218
11123
11048
11136
11053
10970
11027
11049
10919
10931
11170
11010
10932
10793
10883
10742
10864
10660
10872
10898
10626
10578
10717
10706
10550
10657
10647
10589
10644
10472
10605
10584
10718
10588
10295
10558
10602
10522
10356
10358
10415
10217
10193
10177
10249
10141
10089
10137
10123
10126
10054
10150
10055
9950
10143
9892
9973
10000
10008
9857
9955
10007
9942
9822
10055
9807
9663
9800
9819
9710
9817
9660
10000
9688
9713
9592
9824
9521
9688
9519
9490
9406
9519
9435
9509
9461
9472
9542
9287
9450
9491
9458
9223
9374
9305
9393
9437
9206
9194
9173
9200
9367
9125
9099
9149
9173
8921
9139
8925
8929
8955
8957
8996
9068
9041
8785
8925
8918
8891
8792
8699
8819
8718
8728
8744
8779
8678
8811
8832
8750
8679
8699
8676
8841
8690
8511
8478
8346
8608
8473
8504
8566
8348
8526
8208
8456
8420
8297
8561
8221
8535
8371
8364
8288
8239
8245
8063
8214
8160
8249
8013
8219
8285
8043
8031
7915
7991
7994
8000
7931
8084
7902
8085
7985
7895
7975
8054
7911
7953
7866
7819
7976
7621
7680
7834
7852
7866
7694
7772
7798
7711
7756
7736
7536
7593
7713
7544
7515
7536
7600
7560
7569
7555
7624
7495
7563
7558
7412
7451
7501
7350
7402
7224
7324
7381
7332
7293
7258
7252
7300
7251
7286
7236
7253
7313
7126
7150
7090
7270
7189
7049
7040
7055
7119
7039
6975
7034
6859
7033
6933
6896
6944
6839
6916
6811
6824
6970
6732
6777
6895
6866
6589
6751
6716
6717
6718
6555
6617
6646
6668
6527
6613
6554
6573
6849
6632
6592
6441
6509
6579
6487
6383
6527
6599
6520
6284
6420
6392
6335
6432
6240
6375
6420
6368
6287
6224
6382
6458
6247
6238
6218
6273
6360
6266
6231
6085
6167
6046
6129
6100
6053
6090
6164
6224
6071
6112
6027
5997
6045
5886
6012
5932
5903
6019
5946
5969
5813
5902
5829
5893
5790
5809
6046
5808
5815
5846
6006
5860
5808
5733
5839
5632
5788
5630
5728
5534
5724
5668
5656
5748
5652
5694
5555
5554
5694
5630
5612
5442
5678
5498
5603
5424
5408
5395
5515
5553
5501
5480
5306
5413
5389
5389
5334
5327
5403
5323
5283
5249
5281
5441
5258
5107
5278
5141
5238
5226
5310
5144
5001
5165
5276
5076
5124
5070
5140
5124
5190
5014
5136
5029
5110
5080
5063
5000
4947
5061
5028
4998
4952
5030
4999
4904
4892
4924
4785
4802
4928
4780
4863
4867
4814
4776
4748
4783
4682
4740
4801
4859
4902
4659
4795
4749
4800
4584
4695
4641
4655
4696
4521
4596
4562
4586
4587
4697
4670
4665
4518
4637
4503
4449
4592
4547
4540
4517
4537
4496
4414
4437
4523
4407
4480
4409
4439
4421
4453
4394
4302
4396
4306
4377
4399
4361
4314
4221
4259
4202
4102
4240
4184
4172
4242
4222
4106
4258
4246
4108
4195
4082
4221
4008
4176
4101
4168
4054
4112
4096
4063
4035
4114
4107
4130
3940
4004
4000
4049
4039
4019
3976
4059
4051
3941
3938
3936
3948
3942
3886
3876
3908
3912
3937
3915
3836
3743
3796
3828
3665
3806
3801
3765
3897
3911
3890
3788
3730
3709
3803
3681
3710
3787
3649
3731
3709
3676
3685
3816
3684
3665
3677
3606
3665
3721
3625
3635
3647
3585
3523
3653
3594
3651
3470
3576
3543
3462
3416
3535
3556
3393
3449
3466
3539
3523
3515
3420
3419
3433
3520
3401
3443
3408
3483
3407
3400
3348
3320
3358
3407
3385
3386
3264
3374
3215
3322
3204
3330
3341
3337
3222
3240
3248
3274
3337
3226
3254
3309
3138
3270
3156
3188
3274
3222
3168
3204
3215
3216
3214
3161
3144
3139
3095
3126
3114
3173
3078
3057
3014
3074
3052
3046
3100
3041
3061
3120
3061
2941
2958
2999
2920
2973
2978
2992
2922
3090
2975
2813
2942
2930
2799
2916
2921
2870
2831
2828
2882
2902
2806
2879
2815
2805
2851
2847
2778
2851
2849
2669
2751
2816
2807
2788
2751
2766
2826
2842
2740
2764
2686
2749
2707
2762
2668
2689
2780
2618
2643
2655
2682
2627
2667
2674
2738
2551
2624
2667
2786
2679
2635
2602
2597
2631
2586
2581
2528
2573
2640
2487
2619
2543
2560
2556
2492
2622
2504
2496
2542
2518
2469
2463
2461
2467
2484
2496
2438
2471
2476
2431
2477
2440
2476
2465
2485
2441
2414
2376
2457
2455
2434
2390
2423
2354
2395
2385
2377
2317
2461
2369
2405
2396
2445
2303
2325
2267
2341
2272
2278
2276
2322
2248
2349
2273
2291
2349
2282
2246
2244
2281
2306
2202
2248
2267
2250
2108
2225
2101
2286
2202
2153
2241
2225
2188
2139
2235
2167
2152
2174
2164
2141
2056
2126
2220
2139
2128
2128
1998
2126
2118
2128
2155
2008
2088
1996
2048
2022
2034
2094
2051
2016
2038
2060
2037
2090
2017
1981
1993
2069
1965
2045
1979
1999
2048
1886
1898
1970
1921
2076
1921
1894
1951
1911
1916
1905
1946
1903
1958
1945
1966
1885
1938
1934
1891
1806
1886
1862
1821
1815
1808
1892
1848
1874
1799
1823
1902
1802
1852
1799
1739
1851
1857
1759
1776
1789
1738
1772
1812
1792
1808
1817
1866
1727
1806
1727
1769
1806
1774
1757
1758
1705
1707
1708
1694
1725
1706
1731
1722
1773
1703
1710
1690
1722
1711
1737
1683
1635
1706
1620
1674
1666
1731
1719
1609
1687
1613
1647
1649
1645
1678
1586
1643
1644
1508
1612
1586
1614
1571
1564
1504
1516
1548
1654
1505
1556
1472
1558
1548
1567
1529
1532
1564
1514
1472
1536
1532
1542
1542
1553
1493
1455
1494
1587
1435
1495
1493
1442
1465
1493
1526
1456
1470
1490
1457
1520
1505
1394
1453
1443
1445
1434
1462
1512
1381
1394
1433
1463
1399
1427
1409
1409
1385
1359
1382
1351
1385
1405
1369
1396
1391
1418
1318
1357
1357
1289
1363
1348
1403
1311
1358
1366
1391
1325
1330
1275
1370
1356
1316
1338
1380
1323
1266
1293
1250
1307
1315
1276
1262
1282
1199
1280
1265
1322
1320
1289
1255
1258
1361
1217
1249
1261
1212
1208
1261
1212
1208
1262
1211
1194
1238
1207
1199
1195
1138
1177
1172
1198
1161
1178
1199
1181
1200
1182
1112
1146
1184
1192
1205
1098
1187
1123
1147
1170
1201
1145
1172
1207
1093
1101
1102
1116
1156
1094
1136
1131
1133
1088
1118
1156
1076
1104
1122
1088
1166
1095
1074
1104
1111
1094
1110
1050
1083
1033
1017
1067
1087
1093
1009
1063
1050
1057
1058
1093
1025
1029
1113
1041
1018
1078
1026
1061
976
1040
1004
977
1008
975
981
1011
927
1023
1021
996
1041
1039
942
990
961
960
1035
913
993
964
997
1021
958
931
962
980
1012
930
962
981
925
906
928
958
947
928
928
939
941
1002
890
926
881
924
921
969
926
912
861
846
916
928
883
933
885
888
889
895
895
844
914
797
826
861
882
863
898
838
873
824
823
852
847
825
840
822
793
834
790
868
847
844
814
800
787
816
817
829
841
829
817
775
821
804
835
832
757
799
821
820
822
757
831
760
839
766
777
799
775
753
786
815
774
758
761
772
763
736
737
759
789
767
750
751
799
748
722
743
771
719
750
719
731
673
735
707
703
725
727
731
716
753
725
715
746
724
675
715
675
693
715
709
689
723
685
674
718
632
712
682
660
675
713
693
643
717
667
681
664
688
702
690
657
655
675
630
648
650
639
638
589
654
661
660
641
627
629
626
635
662
673
636
658
646
625
628
653
588
592
643
671
649
666
596
597
584
624
602
630
588
593
606
590
602
578
600
581
578
544
557
576
631
592
596
610
559
593
593
564
567
585
553
554
548
548
573
559
520
580
524
536
510
548
583
565
568
548
583
547
532
533
530
510
526
508
513
563
493
546
505
537
531
569
542
545
541
506
568
530
531
489
554
496
520
519
578
516
541
496
506
500
478
538
460
525
463
515
507
512
489
477
486
476
466
525
503
480
534
467
440
470
502
480
544
479
476
461
474
484
473
455
466
491
494
484
471
481
503
483
460
444
455
483
444
491
428
448
445
474
412
418
473
460
411
436
440
449
467
415
447
412
456
401
478
420
472
445
438
446
438
443
400
443
433
397
402
415
414
428
426
413
400
390
418
448
389
402
455
397
410
396
408
395
414
409
402
388
429
367
403
386
393
398
429
394
399
404
417
400
414
387
373
386
365
365
375
379
379
376
365
393
368
362
367
362
381
391
359
370
358
374
351
375
358
332
388
384
356
367
360
350
373
336
344
325
332
355
339
329
340
370
335
361
329
327
353
365
343
374
331
345
331
356
317
336
314
340
357
330
342
338
307
345
334
331
286
320
325
298
316
349
315
316
319
325
331
299
306
318
304
328
325
293
304
299
307
304
303
297
317
337
323
337
312
247
311
283
300
297
281
288
253
293
289
270
251
320
271
262
293
296
282
313
302
295
278
302
250
278
274
283
310
306
249
284
296
292
271
271
305
290
275
245
257
271
301
285
274
276
282
244
282
267
302
254
242
271
247
273
249
267
252
256
266
286
284
242
262
298
228
238
235
251
247
254
258
250
261
273
312
246
242
217
267
264
245
238
236
261
254
242
226
233
244
245
228
223
228
234
236
233
221
219
210
217
223
229
231
206
223
221
221
222
233
236
223
228
223
240
231
233
204
224
212
201
230
237
221
212
199
248
221
203
216
226
199
231
210
248
211
215
204
205
197
206
222
201
193
200
220
188
197
201
204
202
198
203
187
220
187
201
206
185
190
205
185
202
194
210
190
212
185
206
214
217
209
182
196
189
184
183
173
177
187
187
201
195
186
197
177
187
188
189
182
172
153
177
178
218
193
147
206
187
190
195
161
193
180
189
171
198
199
187
184
168
187
153
186
186
184
198
172
162
174
166
155
168
181
177
174
178
153
170
167
162
158
153
191
158
158
176
142
172
161
176
149
180
152
153
161
181
155
150
151
156
141
163
160
171
122
163
157
167
158
142
144
152
138
128
158
147
152
162
146
159
142
149
159
151
142
168
151
145
132
161
130
133
139
156
143
131
142
159
133
138
158
135
131
145
134
131
133
161
147
148
140
128
138
140
150
119
147
158
169
129
137
127
134
141
148
124
121
121
137
124
125
124
142
135
140
132
145
106
124
124
139
126
115
133
144
147
106
93
135
138
126
121
111
115
136
132
118
123
114
128
128
100
128
94
113
111
103
126
119
104
125
109
127
120
107
107
124
103
117
130
120
104
112
105
102
117
139
114
110
97
116
114
112
116
108
97
93
104
102
103
110
98
104
90
105
90
106
99
109
112
93
107
97
107
102
103
106
90
96
107
102
76
95
105
125
109
104
89
118
103
80
88
94
85
97
93
98
108
99
103
105
97
91
101
108
86
77
97
98
96
77
84
102
107
93
89
87
85
103
83
78
85
96
96
107
82
89
101
84
73
90
92
90
88
92
94
93
80
91
102
91
89
73
73
95
82
84
82
70
92
79
78
79
88
89
75
76
74
78
90
85
80
87
80
83
86
82
94
72
79
81
82
81
83
72
61
73
71
83
67
56
60
75
93
89
69
82
77
73
75
78
80
64
81
78
61
74
85
88
84
69
72
86
77
62
85
82
93
82
78
65
59
59
79
70
64
68
68
69
75
68
58
66
77
68
75
64
66
69
65
78
76
70
78
56
68
74
63
67
75
67
70
62
67
57
70
61
75
62
60
60
69
63
41
69
75
64
69
73
62
60
58
70
66
57
54
61
62
50
56
51
56
64
49
65
61
65
65
56
57
51
64
57
60
46
65
47
57
58
53
49
56
64
60
56
49
49
56
63
74
60
47
71
62
65
54
58
60
61
47
57
45
59
52
62
62
54
59
54
60
49
61
49
58
59
64
61
53
60
59
48
56
64
60
45
54
61
37
59
55
52
43
42
72
53
58
49
48
52
47
44
48
47
43
40
49
45
39
43
42
41
56
46
59
43
53
50
48
42
52
47
36
39
43
58
38
47
53
55
53
32
49
37
44
44
37
49
35
40
39
45
40
36
53
51
44
40
40
48
48
31
41
50
39
54
38
48
37
38
48
45
32
43
33
43
40
41
38
39
38
47
46
44
39
37
44
27
45
33
37
30
34
38
41
33
31
42
32
37
36
41
34
35
39
35
35
35
41
34
44
41
29
25
33
35
40
27
40
28
37
38
40
30
31
45
37
35
42
37
37
40
36
37
29
40
29
40
26
32
27
43
42
31
35
41
36
48
44
23
38
39
33
30
38
22
35
31
40
33
30
37
31
34
30
36
25
30
22
33
27
20
26
38
32
28
38
32
24
26
36
26
38
32
36
32
34
33
18
46
29
29
48
27
27
26
31
34
34
23
32
30
23
26
28
38
25
41
33
23
27
31
29
32
26
29
27
37
22
21
27
36
29
25
19
29
37
25
35
21
22
28
31
26
24
24
21
27
22
27
31
26
27
34
25
23
22
28
24
25
32
25
34
25
32
26
32
25
42
25
29
21
18
25
25
25
28
16
20
22
24
28
26
27
21
26
24
19
34
24
23
31
33
21
12
27
20
26
20
19
24
28
14
18
25
30
21
19
26
24
25
23
21
19
25
19
18
14
17
12
28
19
16
19
19
28
13
26
18
23
24
20
24
26
16
20
24
21
9
16
23
20
16
19
18
20
26
21
18
12
25
19
19
19
25
22
20
13
26
25
18
13
14
22
17
20
20
22
23
21
17
22
20
17
16
23
15
26
10
24
24
18
21
16
19
19
10
25
14
15
7
19
17
14
17
13
23
16
15
17
16
15
21
16
17
26
10
19
17
13
23
11
13
17
14
19
9
25
23
15
17
17
16
14
10
14
13
22
14
17
14
15
11
13
20
11
15
15
14
13
14
17
9
11
11
21
12
14
20
26
11
14
18
21
9
15
9
16
15
12
10
15
16
16
9
11
14
11
13
10
10
14
7
13
14
14
11
10
20
19
7
17
12
16
18
13
20
11
14
15
16
15
20
18
12
15
10
13
10
12
13
15
19
15
14
12
7
8
16
13
14
11
11
13
12
13
6
11
15
16
14
11
13
8
13
15
7
10
6
13
11
11
11
17
11
10
12
12
14
12
16
11
12
9
11
12
13
9
8
12
9
13
12
13
9
15
10
10
14
7
7
14
13
10
9
16
10
14
13
10
10
7
10
9
11
8
15
11
14
11
11
12
10
10
9
7
9
10
8
12
16
9
11
9
9
18
11
10
6
9
11
15
6
13
11
10
12
7
11
6
6
7
9
9
10
8
7
4
13
7
9
9
7
10
14
7
11
11
10
10
9
7
8
3
7
5
11
2
9
5
12
8
14
6
9
10
12
9
8
10
11
13
3
5
5
13
7
7
10
4
5
7
12
9
4
8
10
6
4
7
7
6
5
4
4
7
3
10
6
10
3
9
9
8
9
6
10
6
6
6
5
6
12
8
6
8
5
7
7
4
9
10
7
5
8
7
6
8
11
10
5
9
3
7
5
7
9
8
10
8
9
12
9
1
5
7
9
8
3
4
9
3
7
8
8
6
9
6
2
8
6
5
10
3
4
4
4
4
6
8
10
7
3
5
4
5
10
4
9
4
8
4
10
6
8
7
5
9
7
4
6
4
6
6
8
3
9
5
5
6
8
4
3
5
9
5
9
6
2
3
4
8
7
2
7
5
4
3
5
9
5
6
3
6
6
5
3
3
9
6
3
7
10
7
4
4
2
7
5
7
9
5
3
7
4
2
6
5
10
1
7
7
3
6
3
6
8
5
2
2
9
2
4
4
3
4
4
7
6
9
1
5
7
5
8
3
3
4
4
7
6
4
4
7
6
1
7
3
4
6
2
2
3
8
0
5
9
8
3
8
3
2
5
4
3
3
5
2
6
2
6
6
2
5
3
6
3
0
7
3
2
5
6
1
2
4
2
4
5
1
2
6
1
3
5
3
3
4
5
2
1
2
8
4
2
6
4
3
2
2
4
5
3
1
4
4
3
5
5
3
3
2
1
6
5
3
7
4
2
1
6
2
5
2
1
4
3
4
4
1
4
1
2
5
2
1
4
1
4
4
4
1
5
3
2
4
3
5
5
0
4
3
6
2
4
4
5
1
6
0
1
5
2
7
5
3
1
0
3
1
2
4
5
3
1
2
3
2
4
2
4
4
4
3
3
2
1
5
3
1
2
0
3
4
2
3
4
5
1
2
4
4
1
1
4
4
3
1
4
1
2
4
5
1
1
2
1
3
6
4
6
3
2
4
1
0
1
3
2
4
5
3
0
2
1
0
2
3
0
2
4
6
6
4
0
1
3
2
4
3
2
0
0
1
4
1
1
1
1
4
0
1
3
7
5
4
4
1
2
1
2
3
6
2
2
2
2
5
2
5
4
4
3
1
3
2
0
5
1
0
2
2
3
6
3
1
2
3
2
3
2
1
1
0
2
2
2
1
3
0
2
2
4
1
2
2
1
2
0
1
2
1
1
2
1
3
4
2
1
0
1
0
3
3
0
1
0
0
3
3
2
2
3
3
1
1
0
3
1
0
2
2
1
3
2
3
3
3
3
4
2
1
3
1
1
0
1
3
0
2
2
2
2
1
3
2
1
0
1
1
2
0
1
1
3
1
2
0
2
1
3
4
1
2
1
1
5
2
0
0
4
2
3
1
1
3
2
3
0
1
1
3
0
1
1
3
2
0
4
1
1
1
2
2
1
1
4
0
2
0
1
0
0
0
2
3
1
2
1
1
4
2
1
0
4
1
0
0
2
0
5
1
1
1
1
3
0
1
1
1
3
1
0
4
2
1
3
1
1
1
0
1
3
2
2
0
0
2
1
3
0
2
1
3
0
0
0
1
0
1
1
0
2
2
3
1
0
1
2
1
2
2
3
0
1
1
3
0
0
1
0
1
2
1
0
1
0
0
1
2
1
1
2
2
0
0
2
2
1
0
0
2
2
1
1
0
2
2
1
0
2
0
0
1
2
0
3
2
1
1
0
2
1
1
0
3
1
0
1
1
1
0
0
1
1
1
0
1
1
2
0
2
0
0
2
1
1
1
2
0
0
0
0
1
0
0
1
0
1
1
0
1
0
2
2
0
0
0
1
3
1
0
4
2
1
0
0
4
1
2
1
0
2
1
0
2
0
0
1
0
0
0
2
3
2
1
0
3
0
1
0
0
2
0
2
0
0
2
1
2
4
0
0
0
1
1
2
0
1
0
1
2
1
2
1
0
1
1
0
0
1
1
2
1
1
0
0
1
1
0
1
0
0
1
3
0
0
0
0
0
2
2
2
0
1
0
3
2
0
0
0
1
0
0
0
2
0
0
0
1
0
0
0
0
1
1
2
1
0
1
2
0
0
0
3
0
0
2
0
0
0
1
1
0
0
1
0
0
0
0
0
0
1
0
0
0
2
2
0
0
0
1
0
2
0
0
1
1
1
0
1
0
1
0
1
2
2
1
0
1
1
1
0
1
2
1
1
0
1
0
0
0
0
0
1
0
1
1
1
2
0
0
0
1
0
0
0
0
1
0
0
1
0
0
1
0
1
0
1
1
0
2
0
0
0
0
0
2
0
0
0
1
1
1
3
0
0
0
1
0
1
1
1
0
0
0
1
0
0
1
0
0
0
1
0
0
1
0
0
0
0
0
0
0
1
1
1
1
0
0
0
1
0
0
0
1
0
0
0
0
0
0
0
2
0
0
0
1
1
0
0
1
0
0
0
1
0
0
0
1
0
2
1
0
1
1
0
0
1
0
0
2
0
0
0
1
0
0
1
1
0
0
0
0
1
1
0
0
1
0
0
0
1
0
0
0
0
0
0
0
0
0
0
0
0
0
1
0
0
0
0
0
1
1
2
0
0
0
0
0
0
0
0
1
0
0
0
0
0
0
0
0
2
1
0
0
0
0
0
1
0
0
0
0
0
0
0
0
1
0
0
0
0
0
0
0
0
0
1
1
1
0
0
0
0
0
0
1
1
0
0
0
0
0
0
0
3
0
0
0
0
0
0
0
0
0
1
0
0
0
0
0
0
0
0
0
0
0
0
0
0
0
0
0
1
0
0
0
0
1
0
0
0
0
0
1
0
0
1
0
0
1
0
0
0
2
0
0
0
0
0
0
0
1
0
0
0
0
0
0
0
1
2
0
0
0
0
0
0
2
0
1
0
0
1
0
0
1
1
0
0
0
1
2
0
1
0
0
0
0
0
1
0
0
0
0
0
0
0
0
0
1
1
0
0
0
1
1
0
1
0
0
0
0
0
0
0
0
0
0
0
0
0
0
0
1
1
0
0
0
0
0
0
0
0
2
0
0
0
0
0
0
1
0
0
0
0
0
0
0
0
0
0
0
0
0
0
0
0
0
0
0
1
1
0
1
0
0
0
0
0
0
0
0
0
0
0
0
0
0
0
0
0
0
0
1
0
0
0
0
0
0
0
0
0
0
0
0
0
0
0
0
0
0
0
0
0
0
0
1
0
1
0
0
1
0
0
0
0
1
0
0
0
0
0
0
0
0
0
0
0
0
1
0
0
0
0
0
0
0
0
0
0
0
0
0
0
0
0
0
0
0
0
0
0
1
0
0
0
0
1
0
0
1
0
1
0
0
0
0
0
0
0
0
0
0
0
0
0
0
0
0
0
0
0
0
2
0
0
0
1
0
0
1
1
0
0
0
1
0
1
0
0
0
0
0
0
0
0
0
0
0
0
0
0
0
1
0
0
0
0
0
0
0
1
0
0
0
0
0
0
0
0
0
0
0
0
0
0
0
0
0
0
0
0
1
0
0
0
0
0
0
0
0
0
0
0
0
0
0
0
0
0
0
0
0
0
0
0
0
0
0
0
0
0
0
1
0
0
0
0
0
0
0
1
0
0
0
0
0
0
0
0
0
0
0
0
0
0
0
0
0
1
0
0
0
0
0
0
0
0
0
0
0
0
0
0
0
0
0
0
0
0
0
0
0
0
0
0
0
0
0
0
0
0
0
0
0
0
0
0
0
0
0
0
0
0
0
0
0
0
0
0
0
0
0
0
0
0
0
0
0
0
0
0
0
0
0
0
0
1
0
0
0
0
1
0
0
0
0
0
0
0
0
0
0
0
0
0
0
0
0
0
0
0
0
0
0
0
0
1
0
0
0
1
0
0
0
0
0
0
0
0
0
0
0
1
0
0
0
0
0
0
0
0
0
0
0
0
0
0
0
0
0
0
0
0
0
0
0
1
0
0
1
0
0
0
0
0
0
0
0
0
0
0
0
0
0
0
0
0
0
0
1
0
0
0
0
0
0
0
0
1
0
0
0
0
0
0
0
0
0
0
0
0
0
0
1
0
0
0
0
0
0
0
0
0
0
0
0
0
0
0
0
0
0
0
0
0
0
0
0
0
1
1
0
0
0
0
0
1
0
0
0
0
0
0
0
0
0
0
0
0
0
1
0
0
0
0
0
0
0
0
0
0
0
0
0
0
0
0
0
0
0
0
0
0
0
0
0
0
0
0
0
0
0
0
0
0
0
0
0
0
0
0
0
0
0
0
0
0
0
0
0
0
0
0
0
0
0
0
0
0
0
0
0
0
0
0
0
0
0
0
0
0
0
0
0
0
0
0
0
0
0
0
0
0
0
0
0
0
0
0
0
0
0
0
0
0
0
0
0
0
0
0
0
0
0
0
0
0
0
0
0
0
0
0
0
0
0
0
0
0
0
0
0
1
0
0
0
0
0
0
0
0
0
0
0
0
0
0
0
0
0
0
0
0
0
0
0
0
0
0
0
0
0
0
0
0
0
0
0
0
0
0
0
0
0
0
0
0
0
0
0
0
0
0
0
0
0
0
0
0
0
0
0
0
0
0
0
0
0
0
0
0
0
0
0
0
0
0
0
0
0
0
0
0
0
0
0
0
0
0
0
0
0
0
0
0
0
0
0
0
0
0
0
0
0
0
0
0
0
0
0
0
0
0
0
0
0
0
0
0
0
0
0
0
0
0
0
0
0
0
0
0
0
0
0
0
0
0
0
0
0
0
0
0
0
0
0
0
0
0
0
0
0
0
0
0
0
0
0
0
0
0
0
0
0
0
0
0
0
0
0
0
0
0
0
0
0
0
0
0
0
0
0
0
0
0
0
0
0
0
0
0
0
0
0
0
0
0
0
0
0
0
0
0
0
0
0
0
0
0
0
0
0
0
0
0
0
0
0
0
0
0
0
0
0
0
0
0
0
0
1
0
0
0
0
0
0
0
0
0
0
0
0
0
0
0
0
0
0
0
0
0
0
0
0
0
0
0
0
0
0
1
0
0
0
0
0
1
0
0
0
0
0
0
0
0
0
0
0
0
0
0
0
0
0
0
0
0
0
0
0
0
0
0
0
0
0
0
0
0
0
0
0
0
0
0
0
0
0
0
0
0
0
0
0
0
0
0
0
0
0
0
0
0
0
0
0
1
0
0
0
0
0
0
0
0
0
0
0
0
0
0
0
0
0
0
0
0
0
0
0
0
0
0
0
0
0
0
0
0
0
0
0
0
0
0
0
0
0
0
0
0
0
0
0
0
0
0
0
0
0
0
0
0
0
0
0
0
0
1
0
0
0
0
0
0
0
0
0
0
0
0
0
0
0
0
0
0
0
0
0
0
0
0
0
0
0
0
0
0
0
0
0
0
0
0
0
0
0
0
0
0
0
0
0
0
0
0
0
0
0
0
0
0
0
0
0
0
0
0
0
0
0
0
0
0
0
0
0
0
0
0
0
0
0
0
0
0
0
0
0
0
0
0
0
0
0
0
0
0
0
0
0
0
0
0
0
0
0
0
0
0
0
0
0
0
0
0
0
0
0
0
0
0
0
0
0
0
0
0
0
0
0
0
0
0
0
0
0
0
0
0
0
0
0
0
0
0
0
0
0
0
0
0
0
0
0
0
0
0
0
0
0
0
0
0
0
0
0
0
0
0
0
0
0
0
0
0
0
0
0
0
0
0
0
0
0
0
0
0
0
0
0
0
0
0
0
0
0
0
0
0
0
0
0
0
0
0
0
0
0
0
0
0
0
0
0
0
0
0
0
0
0
0
0
0
0
0
0
0
0
0
0
0
0
0
0
0
0
0
0
0
0
0
0
0
0
0
0
0
0
0
0
0
0
0
0
0
0
0
0
0
0
0
0
0
0
0
0
0
0
0
0
0
0
0
0
0
0
0
0
0
0
0
0
0
0
0
0
0
0
0
0
0
0
0
0
0
0
0
0
0
0
0
0
0
0
0
0
0
0
0
0
0
0
0
0
0
0
0
0
0
0
0
0
0
0
0
0
0
0
0
0
0
0
0
0
0
0
0
0
0
0
0
0
0
0
0
0
0
0
0
0
0
0
0
0
0
0
0
0
0
0
0
0
0
0
0
0
0
0
0
0
0
0
0
0
0
0
0
0
0
0
0
0
0
0
0
0
0
0
0
0
0
0
0
0
0
0
0
0
0
0
0
0
0
0
0
0
0
0
0
0
0
0
0
0
0
0
0
0
0
0
0
0
0
1
0
0
0
0
0
0
0
0
0
0
0
0
0
0
0
0
0
0
0
0
0
0
0
0
0
0
0
0
0
0
0
0
0
0
0
0
0
0
0
0
0
0
0
0
0
0
0
0
0
0
0
0
0
0
0
0
0
0
0
0
0
0
0
0
0
0
0
0
0
0
0
0
0
0
0
0
0
0
0
0
0
0
0
0
0
0
0
0
0
0
0
0
0
0
0
0
0
0
0
0
0
0
0
0
0
0
0
0
0
0
0
0
0
0
0
0
0
0
0
0
0
0
0
0
0
0
0
0
0
0
0
0
0
0
0
0
0
0
0
0
0
0
0
0
0
0
0
0
0
0
0
0
0
0
0
0
0
0
0
0
0
0
0
0
0
0
0
0
0
0
0
0
0
0
0
0
0
0
0
0
0
0
0
0
0
0
0
0
0
0
0
0
0
0
0
0
0
0
0
0
0
0
0
0
0
0
0
0
0
0
0
0
0
0
0
0
0
0
0
0
0
0
0
0
0
0
0
0
0
0
0
0
0
0
0
0
0
0
0
0
0
0
0
0
0
0
0
0
0
0
0
0
0
0
0
0
0
0
0
0
0
0
0
0
0
0
0
0
0
0
0
0
0
0
0
0
0
0
0
0
0
0
0
0
0
0
0
0
0
0
0
0
0
0
0
0
0
0
0
0
0
0
0
0
0
0
0
0
0
0
0
0
0
0
0
0
0
0
0
0
0
0
0
0
0
0
0
0
0
0
0
0
0
0
0
0
0
0
0
0
0
0
0
0
0
0
0
0
0
0
0
0
0
0
0
0
0
0
0
0
0
0
0
0
0
0
0
0
0
0
0
0
0
0
0
0
0
0
0
0
0
0
0
0
0
0
0
0
0
0
0
0
0
0
0
0
0
0
0
0
0
0
0
0
0
0
0
0
0
0
0
0
0
0
0
0
0
0
0
0
0
0
0
0
0
0
0
0
0
0
0
0
0
0
0
0
0
0
0
0
0
0
0
0
0
0
0
0
0
0
0
0
0
0
0
0
0
0
0
0
0
0
0
0
0
0
0
0
0
0
0
0
0
0
0
0
0
0
0
0
0
0
0
0
0
0
0
0
0
0
0
0
0
0
0
0
0
0
0
0
0
0
0
0
0
0
0
0
0
0
0
0
0
0
0
0
0
0
0
0
0
0
0
0
0
0
0
0
0
0
0
0
0
0
0
0
0
0
0
0
0
0
0
0
0
0
0
0
0
0
0
0
0
0
0
0
0
0
0
0
0
0
0
0
0
0
0
0
0
0
0
0
0
0
0
0
0
0
0
0
0
0
0
0
0
0
0
0
0
0
0
0
0
0
0
0
0
0
0
0
0
0
0
0
0
0
0
0
0
0
0
0
0
0
0
0
0
0
0
0
0
0
0
0
0
0
0
0
0
0
0
0
0
0
0
0
0
0
0
0
0
0
0
0
0
0
0
0
0
0
0
0
0
0
0
0
0
0
0
0
0
0
0
0
0
0
0
0
0
0
0
0
0
0
0
0
0
0
0
0
0
0
0
0
0
0
0
0
0
0
0
0
0
0
0
0
0
0
0
0
0
0
0
0
0
0
0
0
0
0
0
0
0
0
0
0
0
0
0
0
0
0
0
0
0
0
0
0
0
0
0
0
0
0
0
0
0
0
0
0
0
0
0
0
0
0
0
0
0
0
0
0
0
0
0
0
0
0
0
0
0
0
0
0
0
0
0
0
0
0
0
0
0
0
0
0
0
0
0
0
0
0
0
0
0
0
0
0
0
0
0
0
0
0
0
0
0
0
0
0
0
0
0
0
0
0
0
0
0
0
0
0
0
0
0
0
0
0
0
0
0
0
0
0
0
0
0
0
0
0
0
0
0
0
0
0
0
0
0
0
0
0
0
0
0
0
0
0
0
0
0
0
0
0
0
0
0
0
0
0
0
0
0
0
0
0
0
0
0
0
0
0
0
0
0
0
0
0
0
0
0
0
0
0
0
0
0
0
0
0
0
0
0
0
0
0
0
0
0
0
0
0
0
0
0
0
0
0
0
0
0
0
0
0
0
0
0
0
0
0
0
0
0
0
0
0
0
0
0
0
0
0
0
0
0
0
0
0
0
0
0
0
0
0
0
0
0
0
0
0
0
0
0
0
0
0
0
0
0
0
0
0
0
0
0
0
0
0
0
0
0
0
0
0
0
0
0
0
0
0
0
0
0
0
0
0
0
0
0
0
0
0
0
0
0
0
0
0
0
0
0
0
0
0
0
0
0
0
0
0
0
0
0
0
0
0
0
0
0
0
0
0
0
0
0
0
0
0
0
0
0
0
0
0
0
0
0
0
0
0
0
0
0
0
0
0
0
0
0
0
0
0
0
0
0
0
0
0
0
0
0
0
0
0
0
0
0
0
0
0
0
0
0
0
0
0
0
0
0
0
0
0
0
0
0
0
0
0
0
0
0
0
0
0
0
0
0
0
0
0
0
0
0
0
0
0
0
0
0
0
0
0
0
0
0
0
0
0
0
0
0
0
0
0
0
0
0
0
0
0
0
0
0
0
0
0
0
0
0
0
0
0
0
0
0
0
0
0
0
0
0
0
0
0
0
0
0
0
0
0
0
0
0
0
0
0
0
0
0
0
0
0
0
0
0
0
0
0
0
0
0
0
0
0
0
0
0
0
0
0
0
0
0
0
0
0
0
