503 0 0 48
503 0 0 48
503 0 0 48
503 0 0 48
503 0 0 48
503 0 0 48
503 0 0 48
503 0 0 48
503 0 0 48
503 0 0 48
503 0 0 48
503 0 0 48
503 0 0 48
503 0 0 48
503 0 0 48
503 0 0 48
503 0 0 48
503 0 0 48
503 0 0 48
503 0 0 48
503 0 0 48
503 0 0 48
503 0 0 48
503 0 0 48
503 0 0 48
503 0 0 48
503 0 0 48
503 0 0 48
502.85 0.357071 0 48
502.625 0.695971 0 48
502.2 0.87178 0 48
501.725 1.04851 0 48
501.275 0.974359 0 48
501.025 1.06037 0 48
500.9 1.06771 0 48
500.7 1.05357 0 48
500.45 1.39553 0 48
499.7 1.70587 0 48
499.025 1.80952 0 48
498.375 2.8345 0 48
497.625 3.3443 0 48
497.275 3.08211 0 48
496.75 2.50749 0 48
496 2.50998 0 48
495.1 2.50799 0 48
494.05 3.19335 0 48
491.4 4.21782 0 48
489.35 4.40766 0 48
488.475 3.68095 0 48
487.975 3.50348 0 48
487.45 3.76132 0 48
486.425 3.92993 0 48
484.725 4.61512 0 48
476.375 17.0363 0 48
465.825 22.235 0 48
459.125 23.6856 0 48
450.975 24.0286 0 48
444.55 22.5333 0 48
437.925 19.1186 0 48
434.575 16.9084 0 48
432.1 15.1473 0 48
432.525 15.4483 0 48
434.7 15.027 0 48
435.425 14.4411 0 48
437.2 13.8477 0 48
438.8 11.4591 0 48
438.7 11.2232 0 48
439.8 10.8954 0 48
442.35 11.186 0 48
445.4 10.8669 0 48
447.2 10.1494 0 48
447.725 10.1094 0 48
449.625 8.75125 0 48
449.575 9.16484 0 48
449.75 9.12072 0 48
450.075 9.02881 0 48
450.4 8.46404 0 48
450.875 7.97555 0 48
451.45 6.82624 0 48
451.725 6.54594 0 48
451.675 5.62311 0 48
451.75 5.6734 0 48
452.175 4.37543 0 48
452.5 4.93457 0 48
452.475 5.60797 0 48
453 5.59464 0 48
453.75 5.23331 0 48
453.925 5.21722 0 48
454.25 4.98874 0 48
444.675 62.2597 0 48
436.35 80.96 0 48
428.35 96.8668 0 48
376.85 151.637 0 48
336.75 176.801 0 48
319.275 181.694 0 48
289.375 189.408 0 48
261.475 190.401 0 48
236.775 186.016 0 48
210.925 179.014 0 48
188.925 165.323 0 48
161.6 148.472 0.314516 76
163.65 147.809 0.314516 76
164.075 147.912 0.314516 76
159.625 142.09 0.314516 76
169.05 139.444 0.314516 76
173.925 138.632 0.314516 76
182.8 137.1 0.314516 76
183.95 136.38 0.314516 76
172.75 121.531 0.314516 76
180.65 121.759 0.314516 76
177.75 112.534 0.314516 76
185.275 115.411 0.314516 76
196.475 113.735 0.314516 76
205.375 113.49 0.314516 76
214.2 115.094 0.314516 76
211.475 112.731 0.314516 76
222.25 116.283 0.314516 76
230.5 115.919 0.314516 76
231.425 115.553 0.314516 76
233.25 119.496 0.314516 76
240.1 120.557 0.314516 76
243.875 122.494 0.314516 76
258.275 123.405 0.314516 76
262.925 122.567 0.314516 76
271.475 123.22 0.314516 76
274.65 123.241 0.314516 76
289.625 124.495 0.314516 76
295.55 120.668 0.314516 76
307.125 124.627 0.314516 76
314.1 132.085 0.314516 76
319.75 135.311 0.314516 76
329.75 136.854 0.314516 76
342.625 139.575 0.314516 76
350.55 151.007 0.314516 76
359.8 145.09 0.314516 76
367.975 142.465 0.314516 76
371.475 139.181 0.314516 76
376.275 140.454 0.314516 76
382.9 139.457 0.314516 76
393.225 138.679 0.314516 76
396.025 136.644 0.314516 76
400.15 131.584 0.314516 76
411.225 128.237 0.314516 76
417.6 136.004 0.314516 76
419.4 136.522 0.314516 76
444.225 147.479 0.314516 76
464.275 151.061 0.314516 76
465.675 150.082 0.314516 76
471.8 149.432 0.314516 76
481.85 148.714 0.314516 76
488 150.451 0.314516 76
495.325 151.678 0.314516 76
500.975 150.5 0.314516 76
521 158.416 0.314516 76
532 164.523 0.314516 76
541.75 161.833 0.314516 76
548.8 167.819 0.314516 76
559.2 172.88 0.314516 76
571.65 179.272 0.314516 76
572.55 179.116 0.314516 76
581.65 180.76 0.314516 76
595.625 177.485 0.314516 76
602.35 176.778 0.314516 76
609.625 184.439 0.314516 76
615.15 188.442 0.314516 76
619.125 185.961 0.314516 76
645.2 184.468 0.314516 76
649.025 183.45 0.314516 76
656.875 180.936 0.314516 76
664.2 186.056 0.314516 76
666.85 185.11 0.314516 76
677.4 183.24 0.314516 76
678.125 182.95 0.314516 76
680.875 185.341 0.314516 76
692.05 183.74 0.314516 76
697.225 184.401 0.314516 76
700.775 182.906 0.314516 76
701.325 182.258 0.314516 76
702.05 182.197 0.314516 76
711.1 180.084 0.314516 76
721.175 174.729 0.314516 76
725.825 172.146 0.314516 76
739.35 168.529 0.314516 76
740.9 169.266 0.314516 76
748.3 173.013 0.314516 76
762.4 158.339 0.314516 76
763.775 156.643 0.314516 76
774.4 147.953 0.314516 76
774.95 147.562 0.314516 76
778.15 143.953 0.314516 76
781.35 144.755 0.314516 76
781.85 144.551 0.314516 76
787.725 133.912 0.314516 76
787.525 134.154 0.314516 76
792.8 130.999 0.314516 76
795.475 129.907 0.314516 76
795.725 129.943 0.314516 76
798.1 130.247 0.314516 76
801.95 131.756 0.314516 76
806.225 132.54 0.314516 76
812.25 129.025 0.314516 76
813.125 128.716 0.314516 76
813.975 128.561 0.314516 76
814.6 127.889 0.314516 76
819.1 129.665 0.314516 76
827.7 106.541 0.314516 76
828.975 105.174 0.314516 76
829.675 104.774 0.314516 76
833.175 104.341 0.314516 76
837.35 104.717 0.314516 76
839.75 105.403 0.314516 76
843.5 105.491 0.314516 76
849.475 98.1626 0.314516 76
853.275 98.977 0.314516 76
855.4 99.9264 0.314516 76
859.575 99.256 0.314516 76
869.5 94.1969 0.314516 76
869.975 94.4371 0.314516 76
871.75 94.3175 0.314516 76
872.95 90.705 0.314516 76
872.7 90.9992 0.314516 76
877.775 83.7357 0.314516 76
878.625 83.1239 0.314516 76
878.4 83.3636 0.314516 76
878.525 83.883 0.314516 76
878.275 84.0946 0.311081 75
878.2 83.8043 0.307645 75
879.025 83.6593 0.304209 75
881.65 82.6594 0.300774 75
886.575 78.9287 0.297338 74
888.075 78.6903 0.293903 74
893.4 64.9857 0.290467 74
894.35 64.5103 0.287031 73
896.575 62.0294 0.283596 73
897.325 61.555 0.28016 73
897.675 61.6277 0.276724 73
906.1 46.993 0.273289 72
906.575 46.5462 0.269853 72
908.175 46.3864 0.266418 72
908.675 46.118 0.262982 71
908.95 45.9483 0.259546 71
910.075 45.4331 0.256111 71
913.45 42.6022 0.252675 71
914.85 42.3943 0.24924 70
918.65 38.8346 0.245804 70
918.925 38.6532 0.242368 70
920.275 38.3047 0.238933 69
920.975 38.6164 0.235497 69
923.75 38.874 0.232062 69
925.55 36.979 0.228626 69
926.2 37.0872 0.22519 68
926.725 37.3437 0.221755 68
930.15 35.1316 0.218319 68
931.375 34.6069 0.214884 67
931.7 34.9716 0.211448 67
932.15 35.3253 0.208012 67
932.475 35.5317 0.204577 67
932.725 36.0978 0.201141 66
933.125 36.5733 0.197706 66
933.275 37.0978 0.19427 66
933.5 37.3644 0.190834 65
933.65 37.8527 0.187399 65
933.775 37.9055 0.183963 65
934.15 38.354 0.180528 65
934.95 38.5681 0.177092 64
935.2 38.6447 0.173656 64
935.275 38.6827 0.170221 64
935.55 38.8046 0.166785 63
939.3 31.2652 0.16335 63
939.8 31.055 0.159914 63
942.65 27.7277 0.156478 63
943.075 27.6183 0.153043 62
943.725 27.3276 0.149607 62
944.275 27.2241 0.146172 62
944.65 27.2347 0.142736 61
945.225 27.1482 0.1393 61
945.75 26.9321 0.135865 61
946.15 26.8464 0.132429 61
946.825 26.3722 0.128994 60
947.05 26.466 0.125558 60
947.225 26.6763 0.122122 60
947.625 26.7364 0.118687 59
947.975 26.8482 0.115251 59
948.125 26.9009 0.111815 59
948.525 26.8458 0.10838 59
950.65 24.9224 0.104944 58
951.125 24.6315 0.101509 58
951.375 24.6867 0.0980731 58
951.5 24.7831 0.0946375 57
951.5 24.9269 0.0912019 57
951.65 24.9555 0.0877663 57
951.95 25.0229 0.0843307 57
951.975 25.1331 0.080895 56
951.925 25.2462 0.0774594 56
952.525 24.7497 0.0740238 56
952.75 24.7485 0.0705882 55
953.475 24.6211 0.0702267 55
953.75 24.14 0.0698652 55
953.825 24.1111 0.0695037 55
953.925 24.1448 0.0691422 55
953.95 24.1226 0.0687806 55
953.975 24.1044 0.0684191 55
954.075 23.9921 0.0680576 55
954.2 23.923 0.0676961 55
954.25 23.8933 0.0673346 55
954.175 23.9028 0.066973 55
954.225 23.8731 0.0666115 55
954.1 23.9873 0.06625 55
956.075 21.118 0.0658885 55
956.225 21.2703 0.065527 55
956.125 21.393 0.0651654 55
955.95 21.4464 0.0648039 55
955.8 21.7235 0.0644424 55
955.85 21.4727 0.0640809 55
955.675 21.6915 0.0637194 55
955.525 21.8746 0.0633578 55
955.375 22.0439 0.0629963 55
955.275 22.1483 0.0626348 55
955.15 22.1456 0.0622733 55
955.5 21.8655 0.0619118 55
955.475 21.9704 0.0615502 55
955.4 22.1301 0.0611887 55
955.2 22.528 0.0608272 55
955.075 22.7194 0.0604657 55
955.075 22.715 0.0601042 55
955.125 22.9022 0.0597426 55
954.975 23.1209 0.0593811 55
955.325 23.1672 0.0590196 55
955.275 23.327 0.0586581 55
955.125 23.2004 0.0582966 55
955.05 23.0672 0.057935 55
955.125 22.7037 0.0575735 55
955.3 22.1508 0.057212 55
955.625 20.7902 0.0568505 55
955.575 20.7291 0.056489 55
955.7 21.1012 0.0561275 55
955.925 20.8379 0.0557659 55
955.925 20.9002 0.0554044 55
955.725 21.0571 0.0550429 55
955.825 20.7724 0.0546814 55
955.4 20.7723 0.0543199 55
955.4 20.5704 0.0539583 55
955.7 18.5839 0.0535968 55
955.825 18.2605 0.0532353 55
955.975 17.7391 0.0528738 55
956.1 17.2 0.0525123 55
956.025 16.9521 0.0521507 55
956.1 16.658 0.0517892 55
956 16.6072 0.0514277 55
956.025 15.6756 0.0510662 55
956.15 15.7362 0.0507047 55
956.775 14.3553 0.0503431 55
956.45 14.4273 0.0499816 55
956.375 14.3974 0.0496201 55
956.225 14.3814 0.0492586 55
955.925 14.4055 0.0488971 55
956.1 14.6216 0.0485355 55
955.825 14.7205 0.048174 56
955.55 14.7291 0.0478125 56
955.45 14.6969 0.047451 56
955.2 14.8782 0.0470895 56
955.1 15.1407 0.0467279 56
955.05 15.5209 0.0463664 56
955 15.3964 0.0460049 56
954.75 15.3651 0.0456434 56
954.925 15.6834 0.0452819 56
954.975 15.8973 0.0449203 56
954.925 15.5939 0.0445588 56
955.175 15.3946 0.0441973 56
955.225 15.5539 0.0438358 56
955.2 15.5309 0.0434743 56
955.5 15.3818 0.0431127 56
955.6 15.3766 0.0427512 56
955.975 15.4475 0.0423897 56
956.525 14.975 0.0420282 56
956.4 14.998 0.0416667 56
956.45 14.9247 0.0412936 55
956.3 15.3773 0.0409206 55
956.3 15.3821 0.0405475 55
955.925 15.4084 0.0401744 55
956.2 15.3951 0.0398014 55
955.925 15.4683 0.0394283 55
956.525 14.188 0.0390553 55
956.175 14.5428 0.0386822 55
955.825 14.8001 0.0383091 55
955.6 15.0147 0.0379361 55
955.625 15.4008 0.037563 55
955.325 15.6946 0.03719 55
954.95 16.0171 0.0368169 55
955.05 16.0654 0.0364439 55
955.65 15.5621 0.0360708 55
955.65 15.496 0.0356977 55
956.275 14.8761 0.0353247 55
956.1 14.5324 0.0349516 55
956.175 14.2441 0.0345786 54
956.175 14.0337 0.0342055 54
956 13.9803 0.0338325 54
955.375 13.9941 0.0334594 54
955.925 13.167 0.0330863 54
955.775 12.9701 0.0327133 54
956.025 12.6204 0.0323402 54
956.075 12.5248 0.0319672 54
956.275 12.4659 0.0315941 54
955.975 12.2688 0.0312211 54
955.9 12.2552 0.030848 54
956.05 12.0145 0.0304749 54
956.025 12.2444 0.0301019 54
956.15 12.8229 0.0297288 54
956.7 13.1095 0.0293558 54
956.875 13.0904 0.0289827 54
956.825 13.2058 0.0286097 54
956.875 13.3944 0.0282366 54
956.9 13.4811 0.0278635 53
957 13.4127 0.0274905 53
957.45 13.0345 0.0271174 53
958 12.506 0.0267444 53
958.25 12.1383 0.0263713 53
958.5 11.565 0.0259983 53
958.475 11.7473 0.0256252 53
958.4 11.7299 0.0252521 53
958.525 11.6812 0.0248791 53
958.5 12.184 0.024506 53
958.275 12.4157 0.024133 53
957.85 12.5629 0.0237599 53
957.825 12.8742 0.0233868 53
957.8 13.342 0.0230138 53
957.9 13.3075 0.0226407 53
957.825 13.2569 0.0222677 53
957.725 13.8492 0.0218946 53
958.125 14.2499 0.0215216 53
957.85 15.3273 0.0211485 52
958.55 15.3068 0.0207754 52
958.875 14.7618 0.0204024 52
959.05 14.3509 0.0200293 52
959.15 14.1996 0.0196563 52
959.225 13.8085 0.0192832 52
959.45 13.6308 0.0189102 52
959.3 13.2669 0.0185371 52
959.625 12.7194 0.018164 52
959.525 12.7004 0.017791 52
958.6 13.2416 0.0174179 52
958.05 13.8671 0.0170449 52
957.625 13.978 0.0166718 52
958.225 13.3725 0.0162988 52
957.775 13.8501 0.0159257 52
957.15 14.6057 0.0155526 52
957.25 14.1964 0.0151796 52
957.825 13.8796 0.0148065 52
958.8 13.6733 0.0144335 51
958.7 14.1372 0.0140604 51
958.425 14.2459 0.0136874 51
959.425 13.5497 0.0133143 51
960.125 13.0866 0.0129412 51
959.925 13.5856 0.0125682 51
959.7 13.666 0.0121951 51
959.925 13.8228 0.0121951 51
960.1 14.6472 0.0121951 51
960.425 14.817 0.0121951 51
960.675 15.1185 0.0121951 51
960.925 15.0738 0.0121951 51
960.825 14.9715 0.0121951 51
961.175 14.6967 0.0121951 51
960.5 15.5708 0.0121951 51
960.325 16.2733 0.0121951 51
960.925 15.1862 0.0121951 51
961.325 14.454 0.0121951 51
961.2 14.6103 0.0121951 51
960.85 15.0458 0.0121951 51
960.55 15.4304 0.0121951 51
961.475 15.3541 0.0121951 51
962.2 14.8209 0.0121951 51
962.075 14.8886 0.0121951 51
962.275 14.7834 0.0121951 51
962.35 14.7996 0.0121951 51
962.45 14.4723 0.0121951 51
963.25 13.2736 0.0121951 51
963.325 13.7302 0.0121951 51
963.525 14.0588 0.0121951 51
963.6 13.4123 0.0121951 51
963.7 13.0158 0.0121951 51
963.45 13.0575 0.0121951 51
963 13.1244 0.0121951 51
963.275 13.4052 0.0121951 51
963.1 13.105 0.0121951 51
963.6 12.6467 0.0121951 51
963.8 12.4342 0.0121951 51
963.7 12.9696 0.0121951 51
963.8 12.8398 0.0121951 51
964.525 12.5638 0.0121951 51
964.825 13.0171 0.0121951 51
964.725 13.3697 0.0121951 51
964.975 13.5748 0.0121951 51
965.55 13.1433 0.0121951 51
965.625 13.1884 0.0121951 51
966.375 12.9068 0.0121951 51
966.475 13.2702 0.0121951 51
967.175 13.2851 0.0121951 51
967.8 13.265 0.0121951 51
968.625 13.2282 0.0121951 51
968.95 0 0.0121951 51

101 0 0
