503 0 0 48
503 0 0 48
503 0 0 48
503 0 0 48
503 0 0 48
503 0 0 48
503 0 0 48
503 0 0 48
503 0 0 48
503 0 0 48
503 0 0 48
503 0 0 48
503 0 0 48
503 0 0 48
503 0 0 48
503 0 0 48
503 0 0 48
503 0 0 48
503 0 0 48
503 0 0 48
503 0 0 48
503 0 0 48
503 0 0 48
503 0 0 48
503 0 0 48
503 0 0 48
503 0 0 48
503 0 0 48
503 0 0 48
502 0 0 48
501 0 0 48
501 0 0 48
501 0 0 48
501 0 0 48
501 0 0 48
501 0 0 48
501 0 0 48
501 0 0 48
501 0 0 48
501 0 0 48
501 0 0 48
506 0 0 48
506 0 0 48
506 0 0 48
504 0 0 48
503 0 0 48
503 0 0 48
503 0 0 48
502 0 0 48
501 0 0 48
501 0 0 48
500 0 0 48
500 0 0 48
500 0 0 48
500 0 0 48
499 0 0 48
499 0 0 48
499 0 0 48
499 0 0 48
499 0 0 48
499 0 0 48
507 0 0 48
507 0 0 48
507 0 0 48
507 0 0 48
507 0 0 48
507 0 0 48
507 0 0 48
507 0 0 48
506 0 0 48
506 0 0 48
506 0 0 48
505 0 0 48
505 0 0 48
505 0 0 48
505 0 0 48
505 0 0 48
511 0 0 48
511 0 0 48
511 0 0 48
511 0 0 48
511 0 0 48
511 0 0 48
511 0 0 48
511 0 0 48
511 0 0 48
511 0 0 48
511 0 0 48
511 0 0 48
511 0 0 48
511 0 0 48
511 0 0 48
510 0 0 48
524 0 0 48
524 0 0 48
524 0 0 48
524 0 0 48
524 0 0 48
524 0 0 48
524 0 0 48
524 0 0 48
524 0 0 48
524 0 0 48
524 0 0 48
524 0 0 48
524 0 0 48
524 0 0 48
524 0 0 48
524 0 0 48
532 0 0 48
532 0 0 48
532 0 0 48
532 0 0 48
532 0 0 48
532 0 0 48
532 0 0 48
532 0 0 48
532 0 0 48
532 0 0 48
532 0 0 48
532 0 0 48
532 0 0 48
532 0 0 48
532 0 0 48
532 0 0 48
545 0 0 48
545 0 0 48
545 0 0 48
545 0 0 48
545 0 0 48
545 0 0 48
545 0 0 48
545 0 0 48
545 0 0 48
545 0 0 48
545 0 0 48
545 0 0 48
545 0 0 48
545 0 0 48
545 0 0 48
545 0 0 48
550 0 0 48
550 0 0 48
550 0 0 48
550 0 0 48
549 0 0 48
549 0 0 48
549 0 0 48
549 0 0 48
549 0 0 48
549 0 0 48
549 0 0 48
549 0 0 48
549 0 0 48
549 0 0 48
549 0 0 48
549 0 0 48
554 0 0 48
554 0 0 48
554 0 0 48
554 0 0 48
554 0 0 48
554 0 0 48
554 0 0 48
554 0 0 48
554 0 0 48
554 0 0 48
554 0 0 48
554 0 0 48
554 0 0 48
554 0 0 48
554 0 0 48
554 0 0 48
554 0 0 48
554 0 0 48
554 0 0 48
554 0 0 48
568 0 0 48
568 0 0 48
568 0 0 48
568 0 0 48
568 0 0 48
568 0 0 48
568 0 0 48
568 0 0 48
568 0 0 48
568 0 0 48
568 0 0 48
568 0 0 48
568 0 0 48
568 0 0 48
568 0 0 48
568 0 0 48
573 0 0 48
573 0 0 48
573 0 0 48
573 0 0 48
573 0 0 48
573 0 0 48
573 0 0 48
573 0 0 48
573 0 0 48
573 0 0 48
573 0 0 48
573 0 0 48
573 0 0 48
573 0 0 48
573 0 0 48
573 0 0 48
578 0 0 48
578 0 0 48
578 0 0 48
578 0 0 48
578 0 0 48
578 0 0 48
578 0 0 48
578 0 0 48
578 0 0 48
578 0 0 48
578 0 0 48
578 0 0 48
578 0 0 48
578 0 0 48
578 0 0 48
578 0 0 48
593 0 0 48
593 0 0 48
593 0 0 48
589 0 0 48
589 0 0 48
585 0 0 48
583 0 0 48
583 0 0 48
583 0 0 48
582 0 0 48
582 0 0 48
582 0 0 48
582 0 0 48
582 0 0 48
582 0 0 48
582 0 0 48
589 0 0 48
589 0 0 48
589 0 0 48
589 0 0 48
589 0 0 48
589 0 0 48
592 0 0 48
592 0 0 48
591 0 0 48
591 0 0 48
591 0 0 48
591 0 0 48
591 0 0 48
591 0 0 48
591 0 0 48
591 0 0 48
601 0 0 48
601 0 0 48
600 0 0 48
600 0 0 48
598 0 0 48
596 0 0 48
593 0 0 48
593 0 0 48
593 0 0 48
593 0 0 48
593 0 0 48
593 0 0 48
593 0 0 48
593 0 0 48
593 0 0 48
593 0 0 48
593 0 0 48
593 0 0 48
597 0 0 48
597 0 0 48
597 0 0 48
597 0 0 48
597 0 0 48
597 0 0 48
597 0 0 48
597 0 0 48
597 0 0 48
597 0 0 48
597 0 0 48
597 0 0 48
597 0 0 48
597 0 0 48
597 0 0 48
597 0 0 48
597 0 0 48
606 0 0 48
608 0 0 48
610 0 0 48
610 0 0 48
610 0 0 48
609 0 0 48
610 0 0 48
611 0 0 48
612 0 0 48
613 0 0 48
613 0 0 48
613 0 0 48
613 0 0 48
613 0 0 48
613 0 0 48
613 0 0 48
613 0 0 48
613 0 0 48
613 0 0 48
618 0 0 48
618 0 0 48
618 0 0 48
618 0 0 48
618 0 0 48
618 0 0 48
619 0 0 48
618 0 0 48
620 0 0 48
620 0 0 48
621 0 0 48
621 0 0 48
621 0 0 48
621 0 0 48
621 0 0 48
621 0 0 48
621 0 0 48
621 0 0 48
621 0 0 48
621 0 0 48
634 0 0 48
633 0 0 48
635 0 0 48
635 0 0 48
636 0 0 48
637 0 0 48
637 0 0 48
637 0 0 48
637 0 0 48
637 0 0 48
637 0 0 48
637 0 0 48
637 0 0 48
637 0 0 48
637 0 0 48
637 0 0 48
642 0 0 48
642 0 0 48
642 0 0 48
642 0 0 48
642 0 0 48
642 0 0 48
642 0 0 48
642 0 0 48
642 0 0 48
642 0 0 48
642 0 0 48
642 0 0 48
642 0 0 48
642 0 0 48
642 0 0 48
642 0 0 48
642 0 0 48
642 0 0 48
642 0 0 48
649 0 0 48
649 0 0 48
649 0 0 48
649 0 0 48
649 0 0 48
649 0 0 48
649 0 0 48
649 0 0 48
649 0 0 48
649 0 0 48
649 0 0 48
649 0 0 48
649 0 0 48
649 0 0 48
649 0 0 48
649 0 0 48
649 0 0 48
649 0 0 48
649 0 0 48
649 0 0 48
649 0 0 48
649 0 0 48
649 0 0 48
649 0 0 48
649 0 0 48
649 0 0 48
649 0 0 48
649 0 0 48
660 0 0 48
660 0 0 48
660 0 0 48
660 0 0 48
660 0 0 48
660 0 0 48
660 0 0 48
660 0 0 48
660 0 0 48
660 0 0 48
660 0 0 48
660 0 0 48
660 0 0 48
660 0 0 48
660 0 0 48
660 0 0 48
678 0 0 48
678 0 0 48
678 0 0 48
680 0 0 48
680 0 0 48
682 0 0 48
682 0 0 48
682 0 0 48
684 0 0 48
683 0 0 48
682 0 0 48
683 0 0 48
683 0 0 48
683 0 0 48
683 0 0 48
683 0 0 48
683 0 0 48
683 0 0 48
683 0 0 48
683 0 0 48
687 0 0 48
688 0 0 48
690 0 0 48
690 0 0 48
690 0 0 48
690 0 0 48
690 0 0 48
690 0 0 48
690 0 0 48
690 0 0 48
690 0 0 48
690 0 0 48
690 0 0 48
690 0 0 48
690 0 0 48
690 0 0 48
699 0 0 48
699 0 0 48
699 0 0 48
699 0 0 48
699 0 0 48
699 0 0 48
699 0 0 48
699 0 0 48
699 0 0 48
699 0 0 48
699 0 0 48
699 0 0 48
699 0 0 48
699 0 0 48
699 0 0 48
699 0 0 48
699 0 0 48
707 0 0 48
707 0 0 48
707 0 0 48
707 0 0 48
707 0 0 48
707 0 0 48
707 0 0 48
707 0 0 48
707 0 0 48
707 0 0 48
707 0 0 48
707 0 0 48
707 0 0 48
707 0 0 48
707 0 0 48
707 0 0 48
707 0 0 48
707 0 0 48
707 0 0 48
712 0 0 48
712 0 0 48
712 0 0 48
712 0 0 48
712 0 0 48
712 0 0 48
712 0 0 48
712 0 0 48
712 0 0 48
712 0 0 48
712 0 0 48
712 0 0 48
712 0 0 48
712 0 0 48
712 0 0 48
712 0 0 48
712 0 0 48
712 0 0 48

499 0 0
