492 0 0 48
492 0 0 48
492 0 0 48
492 0 0 48
492 0 0 48
492 0 0 48
492 0 0 48
492 0 0 48
492 0 0 48
492 0 0 48
492 0 0 48
492 0 0 48
492 0 0 48
492 0 0 48
492 0 0 48
492 0 0 48
492 0 0 48
492 0 0 48
492 0 0 48
492 0 0 48
492 0 0 48
492 0 0 48
492 0 0 48
492 0 0 48
492 0 0 48
492 0 0 48
492 0 0 48
492 0 0 48
492 0 0 48
492 0 0 48
492 0 0 48
492 0 0 48
492 0 0 48
492 0 0 48
491 0 0 48
491 0 0 48
491 0 0 48
491 0 0 48
491 0 0 48
491 0 0 48
496 0 0 48
496 0 0 48
496 0 0 48
496 0 0 48
496 0 0 48
496 0 0 48
496 0 0 48
496 0 0 48
496 0 0 48
496 0 0 48
496 0 0 48
496 0 0 48
496 0 0 48
496 0 0 48
496 0 0 48
496 0 0 48
503 0 0 48
503 0 0 48
503 0 0 48
501 0 0 48
500 0 0 48
500 0 0 48
500 0 0 48
499 0 0 48
499 0 0 48
498 0 0 48
497 0 0 48
496 0 0 48
496 0 0 48
496 0 0 48
496 0 0 48
496 0 0 48
496 0 0 48
496 0 0 48
496 0 0 48
496 0 0 48
504 0 0 48
504 0 0 48
504 0 0 48
504 0 0 48
504 0 0 48
504 0 0 48
504 0 0 48
504 0 0 48
504 0 0 48
504 0 0 48
504 0 0 48
504 0 0 48
504 0 0 48
504 0 0 48
504 0 0 48
504 0 0 48
517 0 0 48
517 0 0 48
517 0 0 48
517 0 0 48
517 0 0 48
517 0 0 48
517 0 0 48
517 0 0 48
517 0 0 48
517 0 0 48
517 0 0 48
517 0 0 48
517 0 0 48
517 0 0 48
517 0 0 48
517 0 0 48
525 0 0 48
525 0 0 48
525 0 0 48
525 0 0 48
525 0 0 48
525 0 0 48
525 0 0 48
525 0 0 48
525 0 0 48
525 0 0 48
525 0 0 48
525 0 0 48
525 0 0 48
525 0 0 48
525 0 0 48
525 0 0 48
537 0 0 48
537 0 0 48
537 0 0 48
537 0 0 48
537 0 0 48
534 0 0 48
533 0 0 48
533 0 0 48
533 0 0 48
534 0 0 48
534 0 0 48
534 0 0 48
534 0 0 48
534 0 0 48
534 0 0 48
534 0 0 48
538 0 0 48
538 0 0 48
538 0 0 48
538 0 0 48
538 0 0 48
538 0 0 48
538 0 0 48
538 0 0 48
538 0 0 48
538 0 0 48
538 0 0 48
538 0 0 48
538 0 0 48
538 0 0 48
538 0 0 48
538 0 0 48
544 0 0 48
544 0 0 48
544 0 0 48
544 0 0 48
544 0 0 48
544 0 0 48
544 0 0 48
544 0 0 48
544 0 0 48
544 0 0 48
544 0 0 48
544 0 0 48
544 0 0 48
544 0 0 48
544 0 0 48
544 0 0 48
544 0 0 48
544 0 0 48
544 0 0 48
558 0 0 48
558 0 0 48
558 0 0 48
558 0 0 48
558 0 0 48
558 0 0 48
558 0 0 48
558 0 0 48
558 0 0 48
558 0 0 48
558 0 0 48
558 0 0 48
558 0 0 48
558 0 0 48
558 0 0 48
558 0 0 48
563 0 0 48
563 0 0 48
563 0 0 48
563 0 0 48
563 0 0 48
563 0 0 48
563 0 0 48
563 0 0 48
563 0 0 48
563 0 0 48
563 0 0 48
563 0 0 48
563 0 0 48
563 0 0 48
563 0 0 48
563 0 0 48
568 0 0 48
568 0 0 48
568 0 0 48
568 0 0 48
568 0 0 48
568 0 0 48
568 0 0 48
568 0 0 48
568 0 0 48
568 0 0 48
568 0 0 48
568 0 0 48
568 0 0 48
568 0 0 48
568 0 0 48
568 0 0 48
568 0 0 48
568 0 0 48
568 0 0 48
582 0 0 48
582 0 0 48
580 0 0 48
579 0 0 48
579 0 0 48
578 0 0 48
578 0 0 48
578 0 0 48
578 0 0 48
578 0 0 48
578 0 0 48
578 0 0 48
578 0 0 48
578 0 0 48
578 0 0 48
578 0 0 48
585 0 0 48
585 0 0 48
586 0 0 48
585 0 0 48
586 0 0 48
584 0 0 48
584 0 0 48
585 0 0 48
584 0 0 48
585 0 0 48
585 0 0 48
585 0 0 48
584 0 0 48
584 0 0 48
584 0 0 48
584 0 0 48
584 0 0 48
584 0 0 48
584 0 0 48
595 0 0 48
595 0 0 48
595 0 0 48
595 0 0 48
596 0 0 48
599 0 0 48
601 0 0 48
599 0 0 48
599 0 0 48
599 0 0 48
599 0 0 48
598 0 0 48
598 0 0 48
598 0 0 48
598 0 0 48
598 0 0 48
601 0 0 48
601 0 0 48
601 0 0 48
601 0 0 48
601 0 0 48
601 0 0 48
601 0 0 48
601 0 0 48
601 0 0 48
601 0 0 48
601 0 0 48
601 0 0 48
601 0 0 48
601 0 0 48
601 0 0 48
602 0 0 48
602 0 0 48
603 0 0 48
612 0 0 48
614 0 0 48
613 0 0 48
613 0 0 48
609 0 0 48
609 0 0 48
608 0 0 48
608 0 0 48
606 0 0 48
608 0 0 48
607 0 0 48
607 0 0 48
607 0 0 48
607 0 0 48
607 0 0 48
607 0 0 48
607 0 0 48
607 0 0 48
607 0 0 48
614 0 0 48
613 0 0 48
614 0 0 48
613 0 0 48
613 0 0 48
612 0 0 48
612 0 0 48
612 0 0 48
612 0 0 48
612 0 0 48
612 0 0 48
612 0 0 48
612 0 0 48
612 0 0 48
612 0 0 48
612 0 0 48
612 0 0 48
612 0 0 48
622 0 0 48
622 0 0 48
623 0 0 48
620 0 0 48
622 0 0 48
622 0 0 48
622 0 0 48
621 0 0 48
621 0 0 48
621 0 0 48
621 0 0 48
621 0 0 48
621 0 0 48
621 0 0 48
621 0 0 48
621 0 0 48
624 0 0 48
624 0 0 48
624 0 0 48
627 0 0 48
631 0 0 48
631 0 0 48
631 0 0 48
631 0 0 48
631 0 0 48
631 0 0 48
631 0 0 48
631 0 0 48
631 0 0 48
631 0 0 48
631 0 0 48
631 0 0 48
631 0 0 48
631 0 0 48
631 0 0 48
640 0 0 48
640 0 0 48
640 0 0 48
640 0 0 48
640 0 0 48
640 0 0 48
640 0 0 48
640 0 0 48
640 0 0 48
640 0 0 48
640 0 0 48
640 0 0 48
640 0 0 48
640 0 0 48
640 0 0 48
640 0 0 48
640 0 0 48
640 0 0 48
640 0 0 48
640 0 0 48
652 0 0 48
652 0 0 48
652 0 0 48
652 0 0 48
652 0 0 48
652 0 0 48
652 0 0 48
652 0 0 48
652 0 0 48
652 0 0 48
652 0 0 48
652 0 0 48
652 0 0 48
652 0 0 48
652 0 0 48
652 0 0 48
669 0 0 48
668 0 0 48
669 0 0 48
667 0 0 48
668 0 0 48
670 0 0 48
670 0 0 48
671 0 0 48
673 0 0 48
674 0 0 48
675 0 0 48
676 0 0 48
676 0 0 48
676 0 0 48
677 0 0 48
677 0 0 48
677 0 0 48
677 0 0 48
677 0 0 48
677 0 0 48
680 0 0 48
680 0 0 48
680 0 0 48
680 0 0 48
680 0 0 48
680 0 0 48
680 0 0 48
680 0 0 48
680 0 0 48
680 0 0 48
680 0 0 48
680 0 0 48
680 0 0 48
680 0 0 48
680 0 0 48
680 0 0 48
687 0 0 48
687 0 0 48
687 0 0 48
687 0 0 48
687 0 0 48
687 0 0 48
687 0 0 48
687 0 0 48
687 0 0 48
687 0 0 48
687 0 0 48
687 0 0 48
687 0 0 48
687 0 0 48
687 0 0 48
687 0 0 48
687 0 0 48
697 0 0 48
697 0 0 48
697 0 0 48
697 0 0 48
697 0 0 48
697 0 0 48
697 0 0 48
697 0 0 48
697 0 0 48
697 0 0 48
697 0 0 48
697 0 0 48
697 0 0 48
697 0 0 48
697 0 0 48
697 0 0 48
697 0 0 48
697 0 0 48
697 0 0 48
697 0 0 48
697 0 0 48
702 0 0 48
702 0 0 48
702 0 0 48
702 0 0 48
702 0 0 48
702 0 0 48
702 0 0 48
702 0 0 48
702 0 0 48
702 0 0 48
702 0 0 48
702 0 0 48
702 0 0 48
702 0 0 48
702 0 0 48
702 0 0 48
709 0 0 48
709 0 0 48
709 0 0 48
709 0 0 48
709 0 0 48
709 0 0 48
709 0 0 48

499 0 0
