0 0 0 0 0 0 0 0 0 0 0 0 0 0 0 0 0 0 0 0 0 0 0 0 0 0 
0 0 0 0 0 0 0 0 0 0 0 0 0 0 0 0 0 0 0 0 0 0 0 0 0 0 
0 0 0 0 0 0 0 0 0 0 0 0 0 0 0 0 0 0 0 0 0 0 0 0 0 0 
0 0 0 0 0 0 0 0 0 0 0 0 0 0 0 0 0 0 0 0 0 0 0 0 0 0 
0 0 0 0 0 0 0 0 0 0 0 0 0 0 0 0 0 0 0 0 0 0 0 0 0 0 
0 0 0 0 0 0 0 0 0 0 0 0 0 0 0 0 0 0 0 0 0 0 0 0 0 0 
0 0 0 0 0 0 0 0 0 0 0 0 0 0 0 0 0 0 0 0 0 0 0 0 0 0 
0 0 0 0 0 0 0 0 0 0 0 0 0 0 0 0 0 0 0 0 0 0 0 0 0 0 
0 0 0 0 0 0 0 0 0 0 0 0 0 0 0 0 0 0 0 0 0 0 0 0 0 0 
0 0 0 0 0 0 0 0 0 0 0 0 0 0 0 0 0 0 0 0 0 0 0 0 0 0 
0 0 0 0 0 0 0 0 0 0 0 0 0 0 0 0 0 0 0 0 0 0 0 0 0 0 
0 0 0 0 0 0 0 0 0 0 0 0 0 0 0 0 0 0 0 0 0 0 0 0 0 0 
0 0 0 0 0 0 0 0 0 0 0 0 0 0 0 0 0 0 0 0 0 0 0 0 0 0 
0 0 0 0 0 0 0 0 0 0 0 0 0 0 0 0 0 0 0 0 0 0 0 0 0 0 
0 0 0 0 0 0 0 0 0 0 0 0 0 0 0 0 0 0 0 0 0 0 0 0 0 0 
0 0 0 0 0 0 0 0 0 0 0 0 0 0 0 0 0 0 0 0 0 0 0 0 0 0 
0 0 0 0 0 0 0 0 0 0 0 0 0 0 0 0 0 0 0 0 0 0 0 0 0 0 
0 0 0 0 0 0 0 0 0 0 0 0 0 0 0 0 0 0 0 0 0 0 0 0 0 0 
0 0 0 0 0 0 0 0 0 0 0 0 0 0 0 0 0 0 0 0 0 0 0 0 0 0 
0 0 0 0 0 0 0 0 0 0 0 0 0 0 0 0 0 0 0 0 0 0 0 0 0 0 
0 0 0 0 0 0 0 0 0 0 0 0 0 0 0 0 0 0 0 0 0 0 0 0 0 0 
0 0 0 0 0 0 0 0 0 0 0 0 0 0 0 0 0 0 0 0 0 0 0 0 0 0 
0 0 0 0 0 0 0 0 0 0 0 0 0 0 0 0 0 0 0 0 0 0 0 0 0 0 
0 0 0 0 0 0 0 0 0 0 0 0 0 0 0 0 0 0 0 0 0 0 0 0 0 0 
0 0 0 0 0 0 0 0 0 0 0 0 0 0 0 0 0 0 0 0 0 0 0 0 0 0 
0 0 0 0 0 0 0 0 0 0 0 0 0 0 0 0 0 0 0 0 0 0 0 0 0 0 

0 0 0 0 0 0 0 0 0 0 0 0 0 0 0 0 0 0 0 0 0 0 0 0 0 0 
1 1 0 1 0 0 0 0 0 0 0 0 0 0 0 0 0 0 0 0 0 0 0 0 0 0 
1 0 2 1 0 0 0 0 0 0 0 0 0 0 0 0 0 0 0 0 0 0 0 0 0 0 
2 2 0 1 1 0 0 0 0 0 0 0 0 0 0 0 0 0 0 0 0 0 0 0 0 0 
4 0 0 0 0 0 0 0 0 0 0 0 0 0 0 0 0 0 0 0 0 0 0 0 0 0 
3 4 0 1 0 0 0 0 0 0 0 0 0 0 0 0 0 0 0 0 0 0 0 0 0 0 
4 1 0 2 0 0 0 0 0 0 0 0 0 0 0 0 0 0 0 0 0 0 0 0 0 0 
4 3 0 1 1 0 0 0 0 0 0 0 0 0 0 0 0 0 0 0 0 0 0 0 0 0 
3 0 1 3 0 1 0 0 0 0 0 0 0 0 0 0 0 0 0 0 0 0 0 0 0 0 
5 2 0 0 2 0 0 0 1 0 0 0 0 0 0 0 0 0 0 0 0 0 0 0 0 0 
8 0 1 0 0 0 0 0 0 0 0 0 0 0 0 0 0 0 0 0 0 0 0 0 0 0 
5 0 0 1 0 1 0 0 0 0 0 0 0 0 0 0 0 0 0 0 0 0 0 0 0 0 
6 1 1 0 0 0 0 0 0 1 0 0 0 0 0 0 0 0 0 0 0 0 0 0 0 0 
0 2 0 2 0 0 0 0 1 0 0 0 0 0 0 0 0 0 0 0 0 0 0 0 0 0 
6 5 0 1 1 1 1 1 2 0 1 0 0 0 1 0 0 0 0 0 0 0 0 0 0 0 
5 2 2 0 1 2 0 1 1 1 2 1 1 1 2 1 1 0 2 0 1 0 0 0 1 0 
13 0 2 3 0 3 1 1 2 1 2 2 2 2 1 2 2 1 1 1 2 1 2 0 1 0 
6 6 0 3 2 2 2 2 2 3 3 3 3 3 2 3 2 2 3 3 2 3 2 1 2 1 
12 0 6 4 5 4 4 5 4 4 3 4 5 3 4 3 3 4 4 3 3 3 4 3 3 2 
19 5 5 4 5 6 5 6 5 5 5 4 5 6 5 4 5 4 4 4 4 4 4 4 4 4 
5 7 6 8 7 5 8 7 6 7 5 6 7 5 5 0 0 0 0 0 0 0 0 0 0 0 
6 10 10 8 0 0 0 0 0 0 0 0 0 0 0 0 0 0 0 0 0 0 0 0 0 0 
22 14 13 0 0 0 0 0 0 0 0 0 0 0 0 0 0 0 0 0 0 0 0 0 0 0 
22 17 0 0 0 0 0 0 0 0 0 0 0 0 0 0 0 0 0 0 0 0 0 0 0 0 
20 8 0 0 0 0 0 0 0 0 0 0 0 0 0 0 0 0 0 0 0 0 0 0 0 0 
3 0 0 0 0 0 0 0 0 0 0 0 0 0 0 0 0 0 0 0 0 0 0 0 0 0 

0 0 0 0 0 0 0 0 0 0 0 0 0 0 0 0 0 0 0 0 0 0 0 0 0 0 
0 0 1 1 0 0 0 0 0 0 0 0 0 0 0 0 0 0 0 0 0 0 0 0 0 0 
1 2 0 0 0 0 0 0 0 0 0 0 0 0 0 0 0 0 0 0 0 0 0 0 0 0 
3 0 2 0 0 0 0 0 0 0 0 0 0 0 0 0 0 0 0 0 0 0 0 0 0 0 
0 0 0 0 0 0 0 0 0 0 0 0 0 0 0 0 0 0 0 0 0 0 0 0 0 0 
2 1 0 0 0 0 0 0 0 0 0 0 0 0 0 0 0 0 0 0 0 0 0 0 0 0 
0 2 0 0 0 0 0 0 0 0 0 0 0 0 0 0 0 0 0 0 0 0 0 0 0 0 
1 2 0 0 0 0 0 0 0 0 0 0 0 0 0 0 0 0 0 0 0 0 0 0 0 0 
0 2 0 0 0 0 0 0 0 0 0 0 0 0 0 0 0 0 0 0 0 0 0 0 0 0 
6 1 0 1 0 0 0 0 0 0 0 0 0 0 0 0 0 0 0 0 0 0 0 0 0 0 
0 0 0 0 1 0 0 0 0 0 0 0 0 0 0 0 0 0 0 0 0 0 0 0 0 0 
1 0 1 0 0 0 0 0 0 0 0 0 0 0 0 0 0 0 0 0 0 0 0 0 0 0 
2 3 1 0 0 0 0 0 0 0 0 0 0 0 0 0 0 0 0 0 0 0 0 0 0 0 
2 1 0 0 0 0 1 0 0 0 0 0 0 0 0 0 0 0 0 0 0 0 0 0 0 0 
3 3 2 3 3 1 1 1 1 1 1 1 1 1 1 1 1 1 0 1 1 1 0 0 0 0 
9 5 3 4 2 3 2 1 2 2 2 2 2 2 2 1 1 2 2 2 1 1 1 1 1 1 
9 3 3 3 3 3 3 3 3 3 3 3 3 3 3 3 3 2 2 2 2 2 2 2 3 2 
9 6 4 5 4 4 4 4 4 4 4 4 4 4 4 4 4 4 3 3 3 3 3 3 3 3 
2 4 5 5 5 6 5 5 5 5 5 5 5 5 5 5 4 4 4 5 4 4 4 4 4 4 
3 7 6 6 6 6 6 6 6 6 6 6 6 5 6 6 6 6 5 5 5 5 5 5 5 5 
20 9 9 8 7 8 7 7 7 7 7 7 7 7 7 6 7 7 7 6 6 6 6 6 6 6 
19 9 9 9 8 8 0 0 0 0 0 0 0 0 0 0 0 0 0 0 0 0 0 0 0 0 
19 11 9 9 0 0 0 0 0 0 0 0 0 0 0 0 0 0 0 0 0 0 0 0 0 0 
22 15 0 0 0 0 0 0 0 0 0 0 0 0 0 0 0 0 0 0 0 0 0 0 0 0 
21 11 0 0 0 0 0 0 0 0 0 0 0 0 0 0 0 0 0 0 0 0 0 0 0 0 
25 0 0 0 0 0 0 0 0 0 0 0 0 0 0 0 0 0 0 0 0 0 0 0 0 0 

0 0 0 0 0 0 0 0 0 0 0 0 0 0 0 0 0 0 0 0 0 0 0 0 0 0 
0 0 1 0 0 0 0 0 0 0 0 0 0 0 0 0 0 0 0 0 0 0 0 0 0 0 
1 0 2 1 0 0 0 0 0 0 0 0 0 0 0 0 0 0 0 0 0 0 0 0 0 0 
1 3 0 1 0 0 0 0 0 0 0 0 0 0 0 0 0 0 0 0 0 0 0 0 0 0 
3 0 1 0 0 0 0 0 0 0 0 0 0 0 0 0 0 0 0 0 0 0 0 0 0 0 
1 2 2 0 0 1 0 0 0 0 0 0 0 0 0 0 0 0 0 0 0 0 0 0 0 0 
6 0 3 3 0 2 0 0 0 0 0 0 0 0 0 0 0 0 0 0 0 0 0 0 0 0 
6 1 2 1 2 0 1 0 1 0 0 1 0 0 0 0 0 0 0 0 0 0 0 0 0 0 
0 2 4 0 1 1 2 0 0 2 3 1 0 1 1 1 1 0 1 1 0 0 0 0 0 0 
0 5 2 3 2 3 2 2 3 2 3 3 2 2 2 2 0 2 0 0 0 0 0 0 0 0 
6 3 3 0 5 4 4 3 3 3 3 3 4 3 1 3 1 1 1 1 1 1 1 1 1 1 
0 4 4 5 3 6 4 5 4 5 4 3 3 3 4 2 3 4 2 2 2 2 2 2 2 2 
9 7 6 7 7 6 6 5 5 5 5 5 5 3 5 4 4 4 4 3 3 3 3 3 3 3 
8 6 8 4 5 7 8 7 7 6 6 7 6 4 5 6 6 6 5 4 4 4 4 4 4 4 
1 8 8 7 8 8 7 5 8 8 8 7 7 7 7 7 7 6 5 5 5 5 5 5 5 4 
0 5 9 8 8 9 9 8 8 7 8 8 8 9 6 8 6 6 8 6 6 6 5 6 6 6 
0 7 11 7 9 11 10 9 9 9 9 9 7 7 9 8 9 7 7 7 9 7 7 6 7 7 
0 10 9 11 10 10 10 10 10 10 10 10 10 10 10 10 9 9 8 8 8 8 8 8 8 8 
8 11 12 10 11 13 12 11 11 11 12 11 10 11 11 11 11 9 10 9 9 9 9 8 9 9 
0 12 13 12 13 13 12 12 13 12 12 12 12 13 11 10 11 10 10 10 10 10 10 10 10 9 
19 17 15 14 14 14 14 15 13 13 12 12 12 12 13 12 13 12 11 10 11 11 11 11 10 9 
20 21 18 17 15 14 15 14 14 15 13 15 14 14 12 14 13 12 13 12 12 12 11 11 11 11 
21 17 18 17 15 16 17 15 16 13 14 13 15 15 15 15 15 15 13 14 13 13 13 13 12 11 
12 20 19 19 16 17 17 17 15 16 16 17 16 14 16 16 16 15 14 14 13 14 14 14 12 13 
24 23 19 18 18 20 17 20 17 17 15 16 16 16 18 17 17 15 15 15 15 15 15 14 13 13 
18 20 22 19 19 19 18 19 16 18 19 19 18 18 18 16 18 16 18 16 16 16 14 15 14 15 

0 0 0 0 0 0 0 0 0 0 0 0 0 0 0 0 0 0 0 0 0 0 0 0 0 0 
1 0 0 1 0 0 0 1 0 1 0 0 0 0 0 0 0 0 0 0 0 0 0 0 0 0 
2 1 1 1 1 0 2 0 0 1 1 0 0 0 0 0 0 0 0 0 0 0 0 0 0 0 
2 3 2 2 0 0 1 1 0 0 1 0 0 0 1 0 0 0 0 0 0 0 0 0 0 0 
3 1 3 0 1 2 2 2 3 1 0 1 3 1 1 1 1 1 1 1 1 1 0 1 1 0 
0 3 2 3 5 4 3 1 3 3 3 2 3 2 1 0 3 2 2 2 2 0 1 0 0 0 
0 0 1 5 5 3 6 3 3 3 3 4 3 3 2 3 1 3 3 1 3 1 3 2 1 1 
2 6 6 3 6 5 6 5 4 4 5 5 4 4 4 4 4 4 4 4 2 3 3 2 3 2 
3 3 5 7 4 5 8 6 6 5 5 6 5 6 5 5 6 6 5 3 5 3 3 4 4 3 
0 7 5 8 6 9 7 7 7 6 7 8 6 4 6 7 7 4 4 5 6 6 4 4 3 4 
4 6 8 4 10 10 8 7 5 6 9 7 7 7 8 7 5 8 5 7 4 5 5 4 5 4 
6 9 7 10 9 9 7 9 9 11 8 8 8 8 8 9 7 7 8 8 8 6 6 6 7 5 
4 12 8 8 11 10 9 11 9 9 10 10 9 9 9 9 9 7 9 9 9 9 7 7 7 7 
7 11 10 10 11 10 11 11 12 11 10 10 9 12 10 10 9 9 8 8 8 8 8 8 8 7 
9 10 8 11 14 9 11 11 14 12 13 11 11 12 12 10 12 11 11 10 10 11 11 10 9 10 
5 11 9 12 11 12 12 12 12 13 12 12 12 13 11 12 13 12 12 11 12 12 11 10 10 10 
12 11 16 13 10 11 13 13 13 14 15 14 13 13 14 13 13 11 11 13 12 13 11 11 11 10 
15 10 13 14 17 15 17 14 15 14 15 14 14 14 14 14 14 14 13 14 13 12 13 12 12 11 
3 16 15 13 16 16 16 16 15 16 15 15 15 15 15 15 15 15 15 15 13 14 14 12 13 12 
9 16 15 17 16 16 16 16 16 18 16 17 15 16 16 16 15 15 16 15 14 14 14 14 13 13 
18 19 19 17 19 19 20 19 18 20 16 18 17 16 18 15 16 17 16 15 14 15 14 14 15 14 
21 19 20 19 21 21 19 18 19 17 18 20 19 18 18 19 17 18 16 18 16 16 17 16 16 15 
20 20 19 20 19 21 19 20 21 20 21 18 20 19 19 19 19 17 18 19 18 17 17 16 16 16 
21 20 21 22 21 22 22 22 21 19 21 23 19 20 20 20 20 20 18 18 17 18 17 18 18 17 
21 22 21 24 19 24 23 20 21 21 22 22 22 23 21 22 19 21 21 19 21 19 18 19 18 19 
23 22 21 23 23 22 22 24 24 22 22 23 20 23 22 20 22 21 20 20 21 19 19 19 19 19 

0 0 0 0 0 0 0 0 0 0 0 0 0 0 0 0 0 0 0 0 0 0 0 0 0 0 
0 1 0 0 1 1 0 0 1 1 1 0 0 1 1 1 1 0 1 0 1 1 0 1 0 1 
1 0 0 1 2 1 2 2 1 2 1 2 1 2 2 2 2 2 2 2 2 0 1 0 1 0 
3 1 0 2 0 3 1 2 1 3 1 1 3 3 0 2 3 3 3 3 1 3 2 2 1 2 
0 3 4 3 4 2 1 2 3 4 4 4 4 4 3 4 4 4 4 4 4 4 2 4 4 2 
1 4 0 2 5 4 3 3 4 3 5 4 3 3 5 4 4 3 3 4 3 4 3 3 3 3 
4 6 5 6 5 6 5 6 6 5 6 4 6 4 6 4 6 5 5 6 6 5 5 4 5 4 
3 4 7 4 5 4 7 7 7 6 7 7 7 7 7 6 7 6 6 7 5 6 6 5 6 5 
5 5 5 6 7 7 6 8 7 7 8 8 6 7 8 8 7 8 7 6 8 8 6 6 7 7 
3 8 8 9 6 8 8 6 9 8 9 8 9 9 8 9 7 7 9 9 7 8 7 7 7 7 
5 5 8 7 8 9 9 10 10 10 10 9 9 9 10 10 10 9 10 9 8 9 9 8 10 9 
6 8 8 7 10 10 11 10 11 10 11 11 11 10 10 11 11 10 11 10 11 11 10 10 9 10 
4 9 10 10 11 11 10 12 11 11 12 11 11 12 11 11 12 12 12 10 10 11 11 10 10 10 
5 10 12 11 12 13 13 12 13 13 13 11 11 12 12 13 11 12 12 13 13 10 12 12 12 11 
0 14 14 14 14 14 11 14 14 13 14 12 13 14 14 14 14 12 14 11 12 14 12 13 12 12 
7 9 14 11 15 15 14 13 15 13 15 14 13 14 12 15 12 13 13 13 14 15 15 13 14 14 
6 15 14 14 16 15 13 16 16 14 16 16 16 16 16 16 14 14 16 14 16 16 14 16 14 14 
0 15 16 15 14 16 16 16 17 16 17 17 16 17 16 17 17 16 15 17 16 17 15 14 15 14 
14 15 17 17 18 17 16 17 17 16 18 18 17 17 18 18 17 18 17 16 16 16 15 15 16 15 
9 18 17 16 16 17 16 19 18 19 19 17 18 19 19 18 18 18 18 18 18 17 17 17 16 17 
20 18 18 20 18 18 19 20 18 18 20 20 20 18 18 18 18 18 18 18 18 18 17 18 18 17 
16 21 18 18 20 20 19 19 20 19 21 21 21 21 19 21 19 20 19 20 19 19 19 19 18 18 
20 15 20 20 20 22 21 22 20 19 20 22 22 22 22 20 20 22 21 20 20 19 19 19 19 19 
21 19 20 21 21 22 23 22 22 22 22 23 20 21 23 23 21 21 21 20 21 20 23 20 21 21 
22 24 23 24 23 24 20 24 22 24 23 23 21 22 23 24 22 23 23 24 23 21 22 21 21 22 
25 25 22 23 22 24 25 24 23 25 23 25 23 24 24 25 24 23 23 23 24 22 22 22 23 22 

0 0 0 0 0 0 0 0 0 0 0 0 0 0 0 0 0 0 0 0 0 0 0 0 0 0 
1 1 1 1 1 0 0 1 1 1 0 1 0 1 1 0 1 1 1 1 1 1 1 1 1 1 
2 0 0 0 1 2 0 2 2 2 1 1 2 2 2 2 2 2 2 2 2 2 2 2 2 1 
3 3 0 2 0 0 1 2 3 2 1 2 3 3 3 3 3 3 3 3 3 3 3 1 3 3 
3 2 3 3 3 2 4 4 2 4 4 4 4 4 4 4 4 4 4 4 3 4 4 4 4 4 
5 3 5 5 3 5 3 2 4 5 4 5 5 5 3 5 4 5 5 5 4 5 5 5 4 5 
3 0 3 2 3 6 6 4 4 6 5 6 4 6 6 6 4 6 6 6 6 4 6 6 6 6 
1 6 4 7 6 7 7 7 7 6 7 7 7 7 7 7 7 7 7 7 7 7 7 7 7 7 
5 3 8 8 7 8 7 8 6 6 7 7 8 8 8 8 8 8 8 8 6 7 8 8 8 8 
2 3 6 9 7 8 9 9 9 9 9 8 9 8 9 9 9 9 7 8 9 9 9 8 9 9 
8 5 7 10 10 10 8 8 10 10 10 10 10 10 9 10 10 10 10 10 10 10 9 10 10 10 
3 6 9 9 11 10 11 11 11 11 11 11 11 10 10 11 11 11 10 11 11 11 10 11 11 11 
0 6 12 12 12 11 12 12 12 11 12 11 11 12 12 12 12 12 11 12 12 12 12 12 12 12 
11 13 11 10 10 11 13 12 13 11 13 13 13 13 13 11 13 13 13 11 12 13 13 13 13 11 
7 13 12 14 13 14 12 14 14 13 12 14 14 12 14 14 14 14 14 14 12 14 14 14 14 12 
7 12 13 12 15 12 15 13 15 13 15 14 14 15 15 14 15 15 15 15 15 15 15 15 13 15 
0 12 14 16 14 15 15 14 16 16 16 15 16 15 16 16 16 16 16 16 15 16 16 16 16 15 
6 13 15 15 16 16 15 17 17 16 17 17 17 17 17 17 17 16 17 16 17 17 17 17 17 17 
8 14 16 18 18 18 18 18 18 18 18 18 18 17 18 18 18 17 18 18 18 17 18 18 17 18 
13 16 18 18 19 18 18 19 18 19 18 19 19 19 19 19 19 18 19 18 18 19 18 19 18 18 
20 20 20 18 19 18 20 18 20 19 19 20 18 20 19 20 18 19 18 20 20 20 20 18 20 18 
20 18 19 21 21 20 21 21 19 19 21 21 21 19 21 21 21 21 20 21 21 21 20 21 20 18 
17 21 22 20 22 19 20 21 19 22 22 20 21 20 22 22 21 22 20 21 21 22 20 20 21 20 
20 16 22 23 20 22 23 22 23 22 23 21 22 23 22 22 23 23 21 21 21 21 22 23 23 23 
22 21 22 24 24 21 23 22 22 24 24 24 23 22 22 24 24 22 22 24 23 24 22 22 22 24 
22 22 25 25 25 23 25 24 25 25 25 25 25 23 22 22 22 25 25 24 25 25 25 25 25 23 

0 0 0 0 0 0 0 0 0 0 0 0 0 0 0 0 0 0 0 0 0 0 0 0 0 0 
0 0 1 0 0 0 1 1 1 1 1 1 0 0 1 1 1 1 0 1 1 1 1 1 1 1 
0 0 2 1 1 1 2 1 2 0 2 2 2 2 2 2 2 2 2 2 2 2 2 2 2 2 
2 0 0 3 0 3 3 2 3 2 3 2 3 3 3 3 2 3 1 3 3 3 3 3 3 3 
3 4 4 2 3 2 2 4 4 4 4 4 3 4 3 4 4 4 4 4 4 4 4 4 4 4 
5 0 3 5 4 5 5 5 5 5 5 5 5 5 5 5 3 3 5 4 5 5 5 3 5 5 
4 0 6 5 3 6 6 5 6 6 5 6 6 4 6 6 6 4 6 6 6 6 6 6 4 6 
4 6 4 6 5 7 6 4 7 7 7 7 7 7 7 7 7 7 7 7 7 7 7 7 7 7 
5 5 6 7 5 6 6 8 8 8 8 8 8 6 6 8 8 8 8 8 8 8 8 8 8 8 
5 5 5 4 8 7 9 8 9 9 9 9 8 8 9 9 9 9 9 9 9 9 9 9 9 9 
0 4 8 8 10 10 10 10 9 10 10 10 8 9 8 10 8 10 10 10 10 10 10 10 10 10 
11 8 10 8 11 9 10 11 10 11 11 11 11 11 11 11 11 11 11 10 11 11 11 11 11 11 
7 10 12 12 12 11 12 12 12 11 12 12 12 11 12 12 12 12 12 12 12 12 12 12 11 11 
0 10 13 11 12 13 13 12 13 13 12 13 11 13 13 13 11 13 13 13 13 13 13 13 13 13 
14 9 11 12 13 14 14 14 14 14 14 13 13 14 14 13 14 14 14 14 14 14 14 13 14 14 
1 13 10 12 14 12 15 15 15 15 15 15 13 14 15 15 14 15 14 15 15 15 15 15 15 15 
3 13 13 16 15 14 15 16 16 16 15 16 16 16 16 16 16 16 16 15 16 16 16 16 16 16 
5 14 13 16 16 14 17 16 17 17 15 16 17 17 16 17 17 17 16 17 17 17 17 17 17 17 
0 13 17 15 18 18 18 17 17 18 18 18 18 18 18 18 18 18 18 18 18 17 18 18 18 17 
8 16 18 19 17 18 19 19 19 19 18 19 19 19 19 19 19 19 19 19 19 18 19 19 19 19 
20 17 20 18 17 19 17 19 19 19 20 20 20 20 20 19 20 20 20 20 19 20 18 20 20 20 
18 18 18 19 21 21 19 21 20 21 18 21 20 21 21 21 21 21 19 21 19 21 21 20 20 21 
22 20 18 19 21 21 22 22 22 20 22 22 20 22 20 22 22 22 22 22 22 22 21 22 21 20 
20 20 20 23 23 21 21 23 21 23 22 21 23 23 23 23 23 21 21 23 23 23 23 23 23 20 
23 21 23 22 24 22 23 24 24 24 24 22 23 23 22 24 22 24 23 23 24 21 23 24 24 24 
25 24 23 21 25 25 22 25 24 25 25 25 25 25 23 23 25 22 25 25 25 24 25 25 25 25 

