503 0
503 0
503 0
503 0
503 0
503 0
503 0
503 0
503 0
503 0
503 0
503 0
503 0
503 0
503 0
503 0
503 0
503 0
503 0
503 0
503 0
503 0
503 0
503 0
503 0
503 0
503 0
503 0
502.909 0.28748
502.545 0.655555
501.909 0.792527
501.273 1.05235
500.636 1.06794
499.727 1.21288
499.091 0.995859
498.545 0.655555
498 0.953463
497.455 1.15708
496.273 1.48268
495.273 1.86308
493.273 2.69986
491 4.13412
488.273 4.59428
486.727 3.44016
486.273 2.00413
487.091 1.44314
487.636 1.82272
487.364 2.83718
485.545 3.91648
483.273 4.28721
480.818 5.39053
474 13.9675
470.727 14.6355
453 23.5719
443.091 20.9261
435 14.5789
431 10.9129
427.455 2.23052
426.818 2.82258
426.364 4.16201
429.727 9.59252
431 10.1534
435.182 9.91618
438.636 7.53504
440.909 5.08929
443 5.54322
446.091 3.87192
447.455 3.60211
448.727 4.15804
449.727 3.91015
450.818 3.09892
451.091 2.90625
451.545 2.34961
451.909 2.10862
452.364 1.87193
452.818 1.26622
452.818 1.26622
452.818 1.26622
452.818 1.26622
452.818 1.26622
452.818 1.26622
452.818 1.26622
452.818 1.26622
452.818 1.26622
453 1.12815
453 1.12815
452.909 1.08331
452.909 1.08331
452.909 1.08331
452.818 1.02852
452.909 0.792527
453.091 0.514259
453 0.426401
453 0.426401
453.273 0.616575
453.273 0.749656
453.273 0.862439
453.364 0.642824
453.455 1.4374
454.091 1.62114
454.727 2.37758
455.273 2.48965
455.364 2.26727
455.545 2.31059
455.364 2.30701
455.727 2.29984
421.727 106.821
313.545 187.679
243.273 193.509
243.364 193.992
243.091 193.855
243 194.273
245.091 192.554
245.182 193.023
215.818 182.813
179.091 170.86
179.364 170.862
181.364 170.171
191.364 165.469
191 165.258
197.818 164.172
176.091 144.511
176 144.267
147.909 111.078
166.364 123.802
167 124
135.364 97.2095
150.636 107.403
158.364 114.32
166.091 112.702
170.818 118.252
187.818 138.412
188.636 139.103
197 149.594
222.818 174.655
228.545 172.394
237.364 167.266
237.545 167.637
259.727 166.804
259.818 168.195
275.727 177.426
276.182 177.136
282 173.177
283.182 173.362
307.455 192.099
309.727 191.324
316.545 190.646
317.182 190.51
325.818 188.744
326.091 187.984
326.636 187.924
327.818 188.785
340.455 194.173
341.636 195.309
354.636 189.725
356.273 190.379
359.091 192.572
374.273 195.045
375.273 196.069
406.273 195.643
418.091 189.106
425.273 189.505
443.818 180.809
444.818 181.189
460.364 193.565
510.182 188.964
511.909 187.684
524.455 178.471
558 174.671
559.364 173.018
559.636 172.04
563.545 164.88
564.455 164.093
574.091 149.507
582.636 141.238
583 140.402
585.091 138.98
591.909 140.417
610.182 131.948
624.636 135.429
622.818 135.513
625.636 133.653
634.636 136.513
639.273 131.032
659.273 112.185
661.273 110.834
741.727 106.924
757.909 88.1264
761.727 87.0988
762.182 87.1538
763.545 86.8796
778.636 79.5559
787.455 67.5646
786.909 67.368
788.727 68.2989
788.364 68.1379
788.636 69.3755
794.818 72.4441
797.909 71.0358
806.455 57.7414
814.636 60.5404
816.273 60.2979
821.636 66.3904
822.455 65.5347
822.545 66.1656
823.727 66.135
830.727 69.3241
831.545 69.2195
831.182 69.8424
842.364 66.8611
843.636 69.0379
843.273 69.7047
844.455 70.0913
845.182 70.9594
850.727 63.4337
851 62.2867
852.727 62.7261
853.182 62.2631
853.364 63.68
852.818 63.5178
853.091 65.2512
852.364 65.8639
853.545 67.2869
854.455 65.6622
853.909 65.8986
854.455 64.7307
854.545 63.77
855.364 62.8523
855.364 63.1006
856.455 62.7149
857.545 62.3573
859.273 62.8665
865.091 67.4152
867.818 68.5218
869 67.3066
869.727 67.1052
870.182 67.0018
871.636 66.6337
880.636 68.5529
882.455 67.8841
884.364 69.0945
885 68.4012
885.182 68.2306
884.545 68.3326
885.364 66.7128
885.091 66.6039
885.273 65.641
885.455 64.8612
890.909 56.5226
891.455 56.5531
890.909 56.2049
890.636 56.6557
890.364 56.7327
892 56.6199
892.364 56.3597
892.636 56.3532
893.091 56.8994
894.727 57.1793
906.636 50.1204
908 51.5505
909.273 51.289
911.364 49.3766
914 49.9072
914.818 49.4107
920.545 50.518
923.364 49.1293
923.273 48.7966
924 48.6266
924.273 48.9008
934.727 35.2732
935.545 34.9659
936.727 36.5416
936.545 36.664
938 35.399
940.545 32.7868
940.545 32.5335
940.545 31.9755
940.364 31.8784
939.636 32.216
939.818 32.0336
940.909 31.6643
941.545 31.5893
942.364 31.6953
943.545 31.4595
943.364 31.358
942.545 31.1138
943 31.3717
943.273 31.4934
944.727 31.5943
945.273 31.2703
946 31.5451
946.909 32.3123
948.455 32.5503
948.364 32.9056
949 33.0949
949.273 33.2486
949.636 33.6324
949.727 33.791
949.727 33.9895
956.364 22.7527
956.545 22.2358
956.636 22.2966
956.727 22.6117
957.818 21.7875
957.455 22.0552
956.364 22.5964
955.545 23.4883
955.727 23.5182
956.636 23.0189
956.909 23.271
957.636 21.6429
957.636 22.2722
957.273 23.2734
957.364 24.8313
958.182 24.0938
959 23.1517
959.273 23.6224
959.727 24.0986
959.727 24.7096
960.727 23.293
961.909 21.5763
962 22.0124
961.909 22.3544
962.545 21.8813
963.273 21.431
963.636 21.2187
963.909 21.4156
964.182 21.4044
964.273 21.7928
964.364 21.8685
964.455 21.6222
964.909 20.6153
966.182 17.8571
966.455 17.1907
966.818 16.9964
966.636 17.4683
966.818 17.2248
967 16.8361
967.273 16.1982
967.636 15.5638
968.091 14.8107
968.273 14.542
968.545 14.0283
969 13.328
969.182 13.0789
969.364 12.6511
969.545 12.4123
969.636 12.2569
969.636 12.2569
969.818 12.1117
969.909 11.9579
969.909 11.9579
970 11.8935
970.091 11.8357
970.182 11.7846
970.273 11.7403
970.364 11.5858
970.364 11.5858
970.636 11.2514
970.727 11.1118
970.909 10.8498
971 10.728
971.091 10.6126
971.091 10.6126
971.182 10.5038
971.182 10.5038
971.273 10.4018
971.273 10.4018
971.273 10.4018
971.273 10.4018
971.273 10.4018
971.273 10.4018
971.273 10.4018
971.273 10.4018
971.273 10.4018
971.273 10.4018
971.273 10.4018
971.273 10.4018
971.273 10.4018
971.273 10.4018
971.273 10.4018
971.273 10.4018
971.273 10.4018
971.273 10.4018
971.273 10.4018
971.273 10.4018
971.273 10.4018
971.273 10.4018
971.273 10.4018
971.273 10.4018
971.273 10.4018
971.909 11.4452
971.909 11.4452
971.909 11.4452
971.909 11.4452
971.909 11.4452
971.909 11.4452
971.909 11.4452
971.909 11.4452
971.909 11.4452
971.909 11.4452
971.909 11.4452
971.909 11.4452
972.455 11.5787
972.455 11.5787
972.455 11.5787
972.455 11.5787
972.455 11.5787
972.455 11.5787
972.455 11.5787
972.455 11.5787
972.455 11.5787
972.455 11.5787
972.455 11.5787
972.455 11.5787
972.455 11.5787
972.455 11.5787
972.455 11.5787
972.455 11.5787
972.455 11.5787
974.909 9.94032
974.909 9.94032
974.364 9.92034
974.364 9.92034
974.364 9.92034
974.364 9.92034
974.364 9.92034
974.364 9.92034
974.364 9.92034
974.364 9.92034
974.364 9.92034
974.364 9.92034
974.364 9.92034
975 9.58218
975.545 9.56664
976 8.91373
976 8.91373
976 8.91373
976 8.91373
976 8.91373
976 8.91373
976 8.91373
976 8.91373
976 8.91373
976 8.91373
976 8.91373
976 8.91373
976 8.91373
976 8.91373
976 8.91373
976 8.91373
976 8.91373
976 8.91373
976 8.91373
976 8.91373
976 8.91373
976.273 8.61385
976.273 8.61385
976.273 8.61385
976.273 8.61385
976.273 8.61385
976.273 8.61385
976.273 8.61385
976.273 8.61385
976.273 8.61385
976.273 8.61385
976.273 8.61385
976.273 8.61385
976.273 8.61385
976.273 8.61385
976.273 8.61385
976.273 8.61385
976.273 8.61385
976.273 8.61385
976.273 8.61385
976.273 8.61385
976.273 8.61385
976.273 8.61385
976.273 8.61385
976.273 8.61385
976.273 8.61385
976.273 8.61385
976.273 8.61385
976.273 8.61385
976.273 8.61385
976.273 8.61385
976.273 8.61385
976.273 8.61385
976.273 8.61385
976.273 8.61385
976.273 8.61385
976.273 8.61385
976.273 8.61385
976.273 8.61385
976.273 8.61385
976.273 8.61385
976.273 8.61385
976.273 8.61385
976.273 8.61385

976.273 8.61385
126