0 0 0 0 0 0 0 0 0 0 0 0 0 0 0 0 0 0 0 0 0 0 0 0 0 0 
0 0 0 0 0 0 0 0 0 0 0 0 0 0 0 0 0 0 0 0 0 0 0 0 0 0 
0 0 0 0 0 0 0 0 0 0 0 0 0 0 0 0 0 0 0 0 0 0 0 0 0 0 
0 0 0 0 0 0 0 0 0 0 0 0 0 0 0 0 0 0 0 0 0 0 0 0 0 0 
0 0 0 0 0 0 0 0 0 0 0 0 0 0 0 0 0 0 0 0 0 0 0 0 0 0 
0 0 0 0 0 0 0 0 0 0 0 0 0 0 0 0 0 0 0 0 0 0 0 0 0 0 
0 0 0 0 0 0 0 0 0 0 0 0 0 0 0 0 0 0 0 0 0 0 0 0 0 0 
0 0 0 0 0 0 0 0 0 0 0 0 0 0 0 0 0 0 0 0 0 0 0 0 0 0 
0 0 0 0 0 0 0 0 0 0 0 0 0 0 0 0 0 0 0 0 0 0 0 0 0 0 
0 0 0 0 0 0 0 0 0 0 0 0 0 0 0 0 0 0 0 0 0 0 0 0 0 0 
0 0 0 0 0 0 0 0 0 0 0 0 0 0 0 0 0 0 0 0 0 0 0 0 0 0 
0 0 0 0 0 0 0 0 0 0 0 0 0 0 0 0 0 0 0 0 0 0 0 0 0 0 
0 0 0 0 0 0 0 0 0 0 0 0 0 0 0 0 0 0 0 0 0 0 0 0 0 0 
0 0 0 0 0 0 0 0 0 0 0 0 0 0 0 0 0 0 0 0 0 0 0 0 0 0 
0 0 0 0 0 0 0 0 0 0 0 0 0 0 0 0 0 0 0 0 0 0 0 0 0 0 
0 0 0 0 0 0 0 0 0 0 0 0 0 0 0 0 0 0 0 0 0 0 0 0 0 0 
0 0 0 0 0 0 0 0 0 0 0 0 0 0 0 0 0 0 0 0 0 0 0 0 0 0 
0 0 0 0 0 0 0 0 0 0 0 0 0 0 0 0 0 0 0 0 0 0 0 0 0 0 
0 0 0 0 0 0 0 0 0 0 0 0 0 0 0 0 0 0 0 0 0 0 0 0 0 0 
0 0 0 0 0 0 0 0 0 0 0 0 0 0 0 0 0 0 0 0 0 0 0 0 0 0 
0 0 0 0 0 0 0 0 0 0 0 0 0 0 0 0 0 0 0 0 0 0 0 0 0 0 
0 0 0 0 0 0 0 0 0 0 0 0 0 0 0 0 0 0 0 0 0 0 0 0 0 0 
0 0 0 0 0 0 0 0 0 0 0 0 0 0 0 0 0 0 0 0 0 0 0 0 0 0 
0 0 0 0 0 0 0 0 0 0 0 0 0 0 0 0 0 0 0 0 0 0 0 0 0 0 
0 0 0 0 0 0 0 0 0 0 0 0 0 0 0 0 0 0 0 0 0 0 0 0 0 0 
0 0 0 0 0 0 0 0 0 0 0 0 0 0 0 0 0 0 0 0 0 0 0 0 0 0 

0 0 0 0 0 0 0 0 0 0 0 0 0 0 0 0 0 0 0 0 0 0 0 0 0 0 
1 1 0 0 0 0 0 0 0 0 0 0 0 0 0 0 0 0 0 0 0 0 0 0 0 0 
1 0 1 1 0 0 0 0 0 0 0 0 0 0 0 0 0 0 0 0 0 0 0 0 0 0 
1 2 1 0 0 0 0 0 0 0 0 0 0 0 0 0 0 0 0 0 0 0 0 0 0 0 
0 1 0 0 0 0 0 1 0 0 0 0 0 0 0 0 0 0 0 0 0 0 0 0 0 0 
0 2 5 2 0 0 0 0 0 0 0 0 0 0 0 0 0 0 0 0 0 0 0 0 0 0 
5 2 2 2 0 1 0 0 0 0 0 0 0 0 0 0 0 0 0 0 0 0 0 0 0 0 
6 2 0 1 1 0 0 0 0 0 0 0 0 0 0 0 0 0 0 0 0 0 0 0 0 0 
0 3 3 0 0 0 0 0 0 0 0 0 0 0 0 0 0 0 0 0 0 0 0 0 0 0 
0 2 0 0 0 1 0 0 0 0 0 0 0 0 0 0 0 0 0 0 0 0 0 0 0 0 
2 3 2 0 0 0 0 0 0 0 0 0 0 0 0 0 0 0 0 0 0 0 0 0 0 0 
10 4 2 1 0 0 0 0 0 0 0 0 0 0 0 0 0 0 0 0 0 0 0 0 0 0 
4 3 0 0 0 1 0 0 0 0 0 0 0 0 0 0 0 0 0 0 0 0 0 0 0 0 
4 6 0 0 2 1 0 0 0 0 0 0 0 0 0 0 0 0 0 0 0 0 0 0 0 0 
11 0 2 2 0 0 0 0 0 0 0 0 0 0 0 0 0 0 0 0 0 0 0 0 0 0 
11 1 1 0 0 1 0 0 0 0 0 0 0 0 0 0 0 0 0 0 0 0 0 0 0 0 
7 6 1 0 0 1 0 0 0 0 0 0 0 0 0 0 0 0 0 0 0 0 0 0 0 0 
7 3 1 1 0 1 0 0 0 0 0 0 0 0 0 0 0 0 0 0 0 0 0 0 0 0 
5 4 3 1 0 0 1 0 0 0 0 0 0 0 0 0 0 0 0 0 0 0 0 0 0 0 
13 1 3 0 0 1 0 1 0 0 0 0 0 0 0 0 0 0 0 0 0 0 0 0 0 0 
10 5 0 1 0 0 0 0 0 0 0 0 0 0 0 0 0 0 0 0 0 0 0 0 0 0 
6 4 1 1 0 0 0 0 0 0 0 0 0 0 0 0 0 0 0 0 0 0 0 0 0 0 
22 1 2 0 0 0 0 0 0 0 0 0 0 0 0 0 0 0 0 0 0 0 0 0 0 0 
12 0 2 0 1 0 0 0 0 0 0 0 0 0 0 0 0 0 0 0 0 0 0 0 0 0 
0 15 0 0 2 0 1 0 0 0 0 0 0 0 0 0 0 0 0 0 0 0 0 0 0 0 
18 3 0 0 0 0 0 0 0 0 0 0 0 0 0 0 0 0 0 0 0 0 0 0 0 0 

0 0 0 0 0 0 0 0 0 0 0 0 0 0 0 0 0 0 0 0 0 0 0 0 0 0 
0 0 0 0 0 0 0 0 0 0 0 0 0 0 0 0 0 0 0 0 0 0 0 0 0 0 
0 2 0 0 0 0 0 0 0 0 0 0 0 0 0 0 0 0 0 0 0 0 0 0 0 0 
2 0 0 0 0 0 0 0 0 0 0 0 0 0 0 0 0 0 0 0 0 0 0 0 0 0 
3 1 0 1 0 0 0 0 0 0 0 0 0 0 0 0 0 0 0 0 0 0 0 0 0 0 
2 0 0 0 0 0 0 0 0 0 0 0 0 0 0 0 0 0 0 0 0 0 0 0 0 0 
5 3 0 0 0 0 0 0 0 0 0 0 0 0 0 0 0 0 0 0 0 0 0 0 0 0 
4 0 0 0 0 0 0 0 0 0 0 0 0 0 0 0 0 0 0 0 0 0 0 0 0 0 
5 3 1 0 0 0 0 0 0 0 0 0 0 0 0 0 0 0 0 0 0 0 0 0 0 0 
6 6 2 0 0 1 0 0 0 0 0 0 0 0 0 0 0 0 0 0 0 0 0 0 0 0 
5 2 0 0 0 0 0 0 0 0 0 0 0 0 0 0 0 0 0 0 0 0 0 0 0 0 
10 0 1 0 0 0 0 0 0 0 0 0 0 0 0 0 0 0 0 0 0 0 0 0 0 0 
7 2 0 0 0 0 0 0 0 0 0 0 0 0 0 0 0 0 0 0 0 0 0 0 0 0 
9 1 0 0 0 0 0 0 0 0 0 0 0 0 0 0 0 0 0 0 0 0 0 0 0 0 
10 5 1 0 1 0 0 0 0 0 0 0 0 0 0 0 0 0 0 0 0 0 0 0 0 0 
10 0 0 0 0 0 0 0 0 0 0 0 0 0 0 0 0 0 0 0 0 0 0 0 0 0 
7 2 1 0 0 0 0 0 0 0 0 0 0 0 0 0 0 0 0 0 0 0 0 0 0 0 
16 2 0 0 0 0 0 0 0 0 0 0 0 0 0 0 0 0 0 0 0 0 0 0 0 0 
7 0 0 0 1 0 0 0 0 0 0 0 0 0 0 0 0 0 0 0 0 0 0 0 0 0 
12 1 0 0 0 0 0 0 0 0 0 0 0 0 0 0 0 0 0 0 0 0 0 0 0 0 
2 2 2 1 0 0 0 0 0 0 0 0 0 0 0 0 0 0 0 0 0 0 0 0 0 0 
11 2 0 0 0 0 0 0 0 0 0 0 0 0 0 0 0 0 0 0 0 0 0 0 0 0 
7 0 2 0 0 0 0 0 0 0 0 0 0 0 0 0 0 0 0 0 0 0 0 0 0 0 
4 0 2 0 0 0 0 0 0 0 0 0 0 0 0 0 0 0 0 0 0 0 0 0 0 0 
12 1 0 1 0 0 0 0 0 0 0 0 0 0 0 0 0 0 0 0 0 0 0 0 0 0 
15 1 1 0 0 0 0 0 0 0 0 0 0 0 0 0 0 0 0 0 0 0 0 0 0 0 

0 0 0 0 0 0 0 0 0 0 0 0 0 0 0 0 0 0 0 0 0 0 0 0 0 0 
0 0 1 1 1 0 0 0 0 1 0 0 0 0 0 0 0 0 0 0 0 0 0 0 0 0 
2 2 1 2 1 2 0 0 0 0 0 0 0 0 0 0 0 0 0 0 0 0 0 0 0 0 
0 0 3 2 1 0 1 0 2 0 0 0 0 0 0 0 0 0 0 0 0 0 0 0 0 0 
3 1 0 1 0 2 0 1 1 1 1 1 1 0 0 0 0 0 0 0 0 0 0 0 0 0 
3 3 0 0 1 3 3 1 1 1 1 3 1 1 1 1 1 1 1 1 1 1 1 1 1 1 
3 0 2 2 3 2 2 2 3 2 3 2 2 2 2 3 2 2 2 2 2 2 2 2 2 2 
5 6 3 4 5 3 5 3 3 3 3 4 3 3 3 3 3 3 3 3 3 3 3 0 0 0 
6 3 5 6 5 4 6 4 4 5 4 4 4 4 4 4 4 4 4 0 0 0 0 0 0 0 
0 6 7 0 5 6 5 5 6 7 5 5 5 7 5 0 1 5 0 0 0 0 0 0 0 0 
0 7 5 6 2 7 5 7 6 7 7 6 6 0 0 0 0 0 0 0 0 0 0 0 0 0 
3 5 7 4 8 8 7 0 7 0 7 0 0 0 0 0 0 0 0 0 0 0 0 0 0 0 
11 0 0 8 7 8 9 9 8 8 8 8 0 0 0 0 0 1 1 1 1 0 1 1 1 1 
6 7 6 13 10 10 11 9 11 0 0 2 0 2 2 2 0 0 0 2 0 0 0 0 0 0 
0 12 11 10 10 10 3 12 3 3 1 3 3 1 0 0 0 0 0 0 0 0 0 0 0 0 
8 0 11 4 9 5 0 2 4 0 0 0 0 0 0 0 0 0 0 0 0 0 0 0 0 0 
8 13 0 14 14 3 1 0 0 0 0 0 0 0 0 0 0 0 0 0 0 0 0 0 0 0 
10 8 10 0 1 1 2 1 1 1 1 1 0 1 1 1 1 1 1 1 0 1 0 0 1 0 
15 12 7 14 8 3 15 2 0 1 2 1 2 2 0 2 1 0 0 2 2 0 0 0 0 0 
0 0 18 0 8 12 8 3 1 3 3 3 2 1 1 3 1 1 1 0 3 1 1 0 0 0 
7 0 0 10 2 9 0 4 4 4 2 4 0 4 2 2 2 0 2 2 2 0 0 0 2 0 
6 0 5 5 17 17 5 1 5 5 3 3 0 5 1 0 1 2 0 1 0 1 1 2 1 1 
0 3 21 4 11 20 4 6 7 6 6 6 6 4 4 0 0 0 4 0 0 0 0 0 0 0 
0 10 10 12 9 5 7 1 3 5 0 3 0 3 0 0 0 0 0 0 0 0 0 0 0 0 
14 13 10 7 8 8 6 8 8 8 0 0 0 0 0 0 0 0 0 0 0 0 0 0 0 0 
16 1 6 12 0 7 0 9 0 0 0 0 0 0 0 0 0 0 0 0 0 0 0 0 0 0 

0 0 0 0 0 0 0 0 0 0 0 0 0 0 0 0 0 0 0 0 0 0 0 0 0 0 
1 0 0 1 0 1 0 0 1 1 1 1 1 1 1 1 1 1 0 1 1 1 1 1 1 1 
0 2 1 1 0 0 2 0 2 2 1 2 2 2 2 2 2 2 2 1 0 2 2 2 1 0 
3 2 1 1 3 1 1 3 3 2 1 1 3 3 1 1 2 3 3 3 3 3 1 3 3 1 
3 1 3 4 2 4 3 2 4 3 4 4 4 4 4 4 3 2 4 3 3 4 4 4 4 3 
2 0 5 3 4 3 2 2 5 5 4 5 3 5 4 3 3 5 5 5 5 3 3 5 3 3 
5 3 2 5 4 4 4 4 2 6 6 6 4 6 4 4 4 5 6 4 4 4 4 4 4 4 
7 6 6 6 6 7 5 6 6 6 6 7 7 7 7 7 7 6 7 7 6 7 5 5 6 5 
5 6 7 5 6 6 6 8 6 7 6 8 8 8 8 6 8 6 8 8 7 6 8 8 6 8 
3 8 7 9 6 7 9 9 9 9 7 7 8 9 7 7 9 9 9 7 7 7 9 9 7 7 
1 6 8 9 6 10 7 10 8 9 10 10 10 8 8 8 10 7 9 10 10 8 8 9 8 8 
1 7 11 11 10 9 10 11 10 11 9 11 11 9 10 11 11 11 11 10 9 11 11 10 9 9 
12 12 12 11 11 12 10 12 11 11 11 12 12 12 10 12 11 12 11 12 12 12 12 10 11 10 
9 8 8 13 13 13 11 13 13 13 11 13 13 11 13 13 11 11 11 11 12 11 11 11 11 11 
5 14 12 10 14 12 14 12 14 14 12 12 12 14 14 14 14 14 12 14 13 12 13 12 12 13 
5 13 13 14 15 14 15 14 15 15 15 13 13 14 13 15 13 15 13 15 15 15 12 14 14 13 
0 6 13 16 16 16 14 16 15 14 16 14 15 16 16 16 16 16 14 16 16 14 14 14 14 13 
4 13 16 17 16 15 17 17 17 17 17 17 17 17 17 16 17 16 15 15 17 16 17 15 15 15 
4 13 16 15 17 17 15 16 18 18 18 18 18 17 18 18 18 18 18 16 17 16 15 16 17 16 
1 16 16 18 19 18 18 19 18 18 18 18 19 19 17 18 19 17 18 17 18 18 18 17 18 17 
14 18 18 18 18 20 20 18 18 20 18 18 19 20 20 20 19 18 18 19 18 18 20 18 17 17 
18 19 18 20 19 19 20 21 19 21 21 20 19 19 21 19 19 19 19 19 19 19 19 19 19 19 
4 19 22 22 22 20 22 22 20 22 20 21 20 20 20 22 20 21 20 20 20 20 22 18 19 20 
16 21 23 20 23 22 23 21 23 21 23 23 21 22 21 21 23 23 21 23 21 21 21 21 20 19 
3 23 22 22 23 24 21 22 24 22 24 24 24 24 24 22 24 22 22 22 22 21 22 20 20 22 
25 13 24 24 22 25 23 22 25 23 25 25 24 22 24 23 22 23 22 22 25 23 23 22 22 21 

0 0 0 0 0 0 0 0 0 0 0 0 0 0 0 0 0 0 0 0 0 0 0 0 0 0 
1 0 0 1 1 1 1 0 0 0 0 1 1 1 1 1 1 1 1 1 1 1 1 0 1 1 
0 0 1 2 2 1 2 1 1 1 2 1 2 2 2 2 2 2 2 2 2 2 2 2 2 2 
3 3 0 1 0 3 2 3 2 3 1 3 3 2 3 3 3 3 3 3 3 3 3 3 3 3 
0 4 1 3 4 4 4 3 4 4 4 4 4 4 4 4 4 4 4 4 4 4 4 4 4 4 
3 0 5 4 3 5 5 5 4 5 5 5 5 3 3 5 5 5 5 5 5 5 5 5 5 5 
4 3 1 6 6 5 4 6 5 6 4 6 6 6 6 6 6 6 6 6 6 6 6 4 6 6 
3 6 5 6 7 7 7 7 7 7 7 7 7 7 7 7 7 7 7 7 7 7 7 7 7 7 
0 4 8 4 5 6 7 7 8 8 6 7 6 6 8 6 8 8 8 8 8 8 8 8 8 8 
7 5 5 9 5 9 9 9 9 7 9 7 9 9 9 9 9 9 9 9 9 7 9 9 9 9 
10 9 10 9 10 8 10 9 7 10 10 10 9 10 9 10 10 10 10 10 10 10 10 8 10 10 
6 8 9 9 9 10 11 10 11 11 11 11 11 11 11 11 11 11 11 11 11 11 11 11 11 11 
11 12 9 10 12 11 11 11 12 12 12 12 12 11 12 12 12 12 12 12 12 12 12 12 12 12 
6 13 10 13 11 13 12 12 11 13 12 13 11 12 13 11 13 13 13 13 13 13 11 11 13 13 
9 10 3 12 12 13 12 14 14 12 14 12 14 12 14 12 14 13 14 14 14 14 14 14 13 14 
4 15 14 12 13 15 15 15 15 15 15 13 15 13 15 15 15 13 15 15 15 15 13 15 15 15 
1 12 13 16 15 16 13 16 14 16 14 14 16 16 16 16 16 16 16 16 16 16 16 16 16 16 
4 17 14 16 17 17 17 17 17 16 17 17 17 17 17 17 17 17 17 17 17 17 17 17 17 17 
16 16 16 16 18 16 18 17 17 18 18 18 16 18 18 18 18 18 18 18 18 18 18 18 18 18 
9 18 19 18 17 17 19 19 19 19 19 19 19 19 19 19 19 19 19 18 19 19 19 19 19 19 
14 18 20 20 19 20 20 18 20 18 20 19 20 19 20 20 18 20 18 19 20 19 20 18 20 20 
16 13 17 19 20 21 21 20 21 21 19 21 21 21 21 20 21 21 20 19 21 19 21 20 21 21 
19 14 21 21 21 21 22 21 22 20 20 22 20 22 20 22 22 22 20 20 22 22 22 20 20 22 
2 20 13 23 22 23 21 23 21 22 23 23 23 21 23 21 23 23 22 23 23 23 22 21 23 23 
10 15 22 22 23 21 22 24 21 24 24 24 22 24 24 24 24 22 24 22 24 24 23 23 24 24 
24 24 23 22 25 23 25 24 25 25 23 25 25 25 25 23 25 24 25 25 23 23 23 23 23 25 

0 0 0 0 0 0 0 0 0 0 0 0 0 0 0 0 0 0 0 0 0 0 0 0 0 0 
0 0 1 0 0 0 1 1 0 0 1 0 1 1 1 1 1 1 1 1 1 1 1 1 1 1 
2 1 0 0 2 2 2 2 1 2 2 2 2 2 2 2 2 2 2 2 2 2 2 2 2 2 
2 1 1 3 1 0 1 3 3 3 3 2 1 1 3 3 3 3 3 3 3 3 3 3 1 3 
0 4 2 4 3 4 4 3 4 4 4 4 4 4 4 3 4 4 4 4 4 4 4 4 4 4 
3 4 2 5 5 5 3 4 3 5 5 4 5 5 5 5 5 5 5 5 5 5 5 5 5 5 
3 3 6 5 6 4 5 6 6 6 6 4 5 4 6 6 6 6 6 6 4 6 6 6 6 6 
5 3 7 6 7 6 7 6 5 7 7 7 7 7 7 7 7 7 7 7 7 7 7 7 7 7 
4 7 8 6 6 7 5 8 8 8 5 8 8 6 8 8 8 8 8 8 8 8 8 8 8 8 
8 8 4 8 9 9 8 8 9 9 9 9 9 9 9 9 9 9 9 9 9 9 9 9 9 9 
3 8 5 9 8 7 10 8 8 8 10 10 10 10 10 10 10 10 10 10 10 10 10 10 10 10 
6 6 9 10 10 11 10 11 11 11 11 11 10 9 10 11 11 11 11 11 11 11 11 11 11 11 
4 9 10 12 12 11 12 12 11 12 12 12 12 12 12 12 12 12 12 12 12 12 12 12 12 12 
3 12 10 11 11 12 12 13 12 12 13 13 13 13 13 13 13 13 13 13 13 13 13 13 11 13 
2 13 14 10 12 14 12 13 14 14 14 14 14 14 14 14 14 14 14 14 14 14 14 13 14 14 
11 13 13 15 13 12 15 15 15 15 15 14 13 15 13 15 15 15 13 15 15 13 15 15 15 15 
0 12 16 13 14 16 16 16 14 15 16 16 14 14 16 16 16 16 16 16 16 16 16 16 16 14 
4 15 15 14 17 16 17 16 17 17 17 16 17 17 17 17 17 17 17 17 17 17 17 17 17 17 
11 15 17 16 17 18 17 17 18 18 18 18 18 18 18 18 18 18 18 18 18 18 18 18 17 18 
16 16 17 19 16 19 18 19 19 19 19 18 19 19 19 19 19 19 19 19 19 19 19 19 19 19 
9 13 18 20 20 19 19 18 20 20 20 20 20 20 20 19 20 20 20 18 20 20 20 20 20 20 
6 20 19 18 21 21 21 21 21 21 21 21 21 21 21 21 21 21 19 19 19 21 21 21 21 21 
7 22 20 20 20 22 20 20 22 22 21 22 22 20 22 22 22 22 22 22 22 22 22 22 22 22 
14 21 20 21 22 23 21 23 23 23 22 21 21 23 23 23 21 23 22 23 23 22 23 21 23 23 
13 15 24 23 22 22 22 24 24 24 24 24 23 24 24 24 24 24 24 22 24 24 24 24 24 24 
24 24 22 25 23 23 25 25 25 25 25 25 24 25 25 25 24 25 25 25 25 24 23 25 23 23 

0 0 0 0 0 0 0 0 0 0 0 0 0 0 0 0 0 0 0 0 0 0 0 0 0 0 
0 1 1 0 0 1 1 1 0 0 1 1 1 1 1 1 1 1 1 1 1 1 1 1 1 1 
1 1 2 2 2 2 1 2 2 2 2 1 2 2 2 2 2 2 2 2 2 2 2 2 2 2 
3 1 1 0 3 3 3 2 3 3 3 3 3 1 3 3 3 3 1 3 3 3 3 3 3 1 
2 1 3 3 3 4 3 4 4 4 4 4 4 4 4 4 4 4 4 4 4 4 4 4 4 4 
0 2 5 3 5 5 2 5 5 5 5 4 3 5 5 5 4 5 5 5 5 5 5 5 5 5 
0 5 4 5 3 4 6 5 6 6 5 6 6 6 6 6 4 6 6 6 6 6 6 6 6 6 
0 5 7 7 7 6 6 7 7 7 7 7 7 7 7 7 7 7 6 7 7 7 7 7 7 7 
2 7 7 7 6 6 4 6 8 7 8 8 6 8 8 8 8 8 6 8 8 8 6 8 8 8 
5 9 6 9 7 9 9 9 9 7 6 9 9 7 9 9 9 9 9 9 9 9 7 9 9 9 
3 4 10 10 7 8 9 8 9 10 8 10 10 10 10 10 10 10 8 10 10 10 10 10 10 10 
6 10 9 8 11 11 11 11 11 10 11 11 10 11 10 11 11 11 11 11 11 11 11 11 11 11 
4 11 11 12 12 12 12 12 12 12 11 12 12 12 12 12 12 12 12 12 12 12 12 12 12 12 
0 8 11 9 11 11 13 13 13 13 13 13 13 13 13 12 13 13 13 13 13 13 13 13 11 13 
3 13 14 14 12 14 14 14 14 12 14 14 14 14 14 14 14 14 14 14 14 14 14 14 12 14 
7 14 14 13 14 13 13 13 13 14 14 15 15 15 13 15 15 15 15 15 15 15 15 15 13 15 
16 14 15 15 16 14 16 15 14 16 16 16 16 16 16 16 16 16 16 16 16 16 16 16 16 16 
8 15 15 14 17 17 16 16 17 17 17 17 17 17 17 17 17 17 16 17 17 17 17 17 17 17 
0 16 15 18 16 17 18 18 18 17 18 18 18 18 18 18 18 18 18 18 18 18 17 18 18 17 
2 10 17 19 16 19 18 18 19 18 19 19 19 19 19 19 19 19 19 19 19 19 19 19 19 19 
1 15 17 20 20 17 20 20 20 20 20 20 20 19 20 20 20 20 18 20 20 18 20 20 19 18 
0 19 18 21 21 20 21 19 21 19 21 21 21 21 19 21 19 19 21 21 21 20 20 21 19 21 
11 10 17 19 21 21 21 20 22 22 20 22 22 22 20 22 22 22 22 22 22 21 21 20 22 22 
12 17 20 19 23 23 23 23 23 23 23 23 23 23 23 22 23 23 23 21 23 21 23 23 22 21 
6 24 12 24 23 22 24 24 24 22 21 22 22 23 24 24 24 24 24 22 24 24 24 22 22 24 
22 25 24 23 24 23 25 22 25 25 23 25 24 23 23 25 23 25 23 22 25 25 23 25 23 24 

