0 0 0 0 0 0 0 0 0 0 0 0 0 0 0 0 0 0 0 0 0 0 0 0 0 0 
0 0 0 0 0 0 0 0 0 0 0 0 0 0 0 0 0 0 0 0 0 0 0 0 0 0 
0 0 0 0 0 0 0 0 0 0 0 0 0 0 0 0 0 0 0 0 0 0 0 0 0 0 
0 0 0 0 0 0 0 0 0 0 0 0 0 0 0 0 0 0 0 0 0 0 0 0 0 0 
0 0 0 0 0 0 0 0 0 0 0 0 0 0 0 0 0 0 0 0 0 0 0 0 0 0 
0 0 0 0 0 0 0 0 0 0 0 0 0 0 0 0 0 0 0 0 0 0 0 0 0 0 
0 0 0 0 0 0 0 0 0 0 0 0 0 0 0 0 0 0 0 0 0 0 0 0 0 0 
0 0 0 0 0 0 0 0 0 0 0 0 0 0 0 0 0 0 0 0 0 0 0 0 0 0 
0 0 0 0 0 0 0 0 0 0 0 0 0 0 0 0 0 0 0 0 0 0 0 0 0 0 
0 0 0 0 0 0 0 0 0 0 0 0 0 0 0 0 0 0 0 0 0 0 0 0 0 0 
0 0 0 0 0 0 0 0 0 0 0 0 0 0 0 0 0 0 0 0 0 0 0 0 0 0 
0 0 0 0 0 0 0 0 0 0 0 0 0 0 0 0 0 0 0 0 0 0 0 0 0 0 
0 0 0 0 0 0 0 0 0 0 0 0 0 0 0 0 0 0 0 0 0 0 0 0 0 0 
0 0 0 0 0 0 0 0 0 0 0 0 0 0 0 0 0 0 0 0 0 0 0 0 0 0 
0 0 0 0 0 0 0 0 0 0 0 0 0 0 0 0 0 0 0 0 0 0 0 0 0 0 
0 0 0 0 0 0 0 0 0 0 0 0 0 0 0 0 0 0 0 0 0 0 0 0 0 0 
0 0 0 0 0 0 0 0 0 0 0 0 0 0 0 0 0 0 0 0 0 0 0 0 0 0 
0 0 0 0 0 0 0 0 0 0 0 0 0 0 0 0 0 0 0 0 0 0 0 0 0 0 
0 0 0 0 0 0 0 0 0 0 0 0 0 0 0 0 0 0 0 0 0 0 0 0 0 0 
0 0 0 0 0 0 0 0 0 0 0 0 0 0 0 0 0 0 0 0 0 0 0 0 0 0 
0 0 0 0 0 0 0 0 0 0 0 0 0 0 0 0 0 0 0 0 0 0 0 0 0 0 
0 0 0 0 0 0 0 0 0 0 0 0 0 0 0 0 0 0 0 0 0 0 0 0 0 0 
0 0 0 0 0 0 0 0 0 0 0 0 0 0 0 0 0 0 0 0 0 0 0 0 0 0 
0 0 0 0 0 0 0 0 0 0 0 0 0 0 0 0 0 0 0 0 0 0 0 0 0 0 
0 0 0 0 0 0 0 0 0 0 0 0 0 0 0 0 0 0 0 0 0 0 0 0 0 0 
0 0 0 0 0 0 0 0 0 0 0 0 0 0 0 0 0 0 0 0 0 0 0 0 0 0 

0 0 0 0 0 0 0 0 0 0 0 0 0 0 0 0 0 0 0 0 0 0 0 0 0 0 
0 0 1 0 1 0 0 0 0 0 0 0 0 0 0 0 0 0 0 0 0 0 0 0 0 0 
1 2 1 0 0 0 0 0 0 0 0 0 0 0 0 0 0 0 0 0 0 0 0 0 0 0 
0 0 3 1 0 0 0 0 0 0 0 0 0 0 0 0 0 0 0 0 0 0 0 0 0 0 
1 0 1 0 0 0 0 0 0 0 0 0 0 0 0 0 0 0 0 0 0 0 0 0 0 0 
5 2 0 0 0 1 0 0 1 0 0 0 0 0 0 0 0 0 0 0 0 0 0 0 0 0 
3 4 0 0 0 0 0 0 0 0 0 0 0 0 0 0 0 0 0 0 0 0 0 0 0 0 
1 2 1 0 1 0 0 0 0 0 0 0 0 0 0 0 0 0 0 0 0 0 0 0 0 0 
8 0 0 2 0 0 0 0 0 0 0 0 0 0 0 0 0 0 0 0 0 0 0 0 0 0 
1 3 4 0 1 0 1 0 0 0 0 0 0 0 0 0 0 0 0 0 0 0 0 0 0 0 
8 0 0 0 0 0 0 0 0 0 0 0 0 0 0 0 0 0 0 0 0 0 0 0 0 0 
9 5 0 2 0 0 0 0 0 0 0 0 0 0 0 0 0 0 0 0 0 0 0 0 0 0 
3 4 3 2 0 0 0 0 0 0 0 0 0 0 0 0 0 0 0 0 0 0 0 0 0 0 
5 0 2 0 0 0 0 0 0 0 0 0 0 0 0 0 0 0 0 0 0 0 0 0 0 0 
7 1 0 1 0 2 0 0 0 0 0 0 0 0 0 0 0 0 0 0 0 0 0 0 0 0 
5 0 2 0 0 2 0 0 0 0 0 0 0 0 0 0 0 0 0 0 0 0 0 0 0 0 
11 0 0 0 0 1 0 0 0 0 0 0 0 0 0 0 0 0 0 0 0 0 0 0 0 0 
9 0 2 1 1 0 1 0 0 1 0 0 0 0 0 0 0 0 0 0 0 0 0 0 0 0 
10 5 0 1 0 0 0 0 0 0 0 0 0 0 0 0 0 0 0 0 0 0 0 0 0 0 
10 0 2 0 0 0 0 0 0 0 0 0 0 0 0 0 0 0 0 0 0 0 0 0 0 0 
6 3 0 0 3 0 0 0 0 0 0 0 0 0 0 0 0 0 0 0 0 0 0 0 0 0 
7 0 0 3 0 0 0 0 0 0 0 0 0 0 0 0 0 0 0 0 0 0 0 0 0 0 
0 6 0 1 0 0 0 0 0 0 0 0 0 0 0 0 0 0 0 0 0 0 0 0 0 0 
9 0 0 3 0 0 0 0 0 0 0 0 0 0 0 0 0 0 0 0 0 0 0 0 0 0 
12 1 0 0 0 0 0 0 0 0 0 0 0 0 0 0 0 0 0 0 0 0 0 0 0 0 
4 0 0 0 0 3 0 0 0 0 0 0 0 0 0 0 0 0 0 0 0 0 0 0 0 0 

0 0 0 0 0 0 0 0 0 0 0 0 0 0 0 0 0 0 0 0 0 0 0 0 0 0 
0 1 0 0 0 0 0 0 0 0 0 0 0 0 0 0 0 0 0 0 0 0 0 0 0 0 
1 0 0 0 0 0 0 0 0 0 0 0 0 0 0 0 0 0 0 0 0 0 0 0 0 0 
3 3 1 0 0 0 0 0 0 0 0 0 0 0 0 0 0 0 0 0 0 0 0 0 0 0 
3 1 1 1 0 0 0 0 0 0 0 0 0 0 0 0 0 0 0 0 0 0 0 0 0 0 
1 0 0 0 0 0 0 0 0 0 0 0 0 0 0 0 0 0 0 0 0 0 0 0 0 0 
1 2 0 0 0 0 0 0 0 0 0 0 0 0 0 0 0 0 0 0 0 0 0 0 0 0 
0 0 1 1 0 0 0 0 0 0 0 0 0 0 0 0 0 0 0 0 0 0 0 0 0 0 
2 0 2 0 0 0 0 0 0 0 0 0 0 0 0 0 0 0 0 0 0 0 0 0 0 0 
0 3 0 0 0 0 0 0 0 0 0 0 0 0 0 0 0 0 0 0 0 0 0 0 0 0 
0 2 0 0 0 0 0 0 0 0 0 0 0 0 0 0 0 0 0 0 0 0 0 0 0 0 
9 1 2 0 0 0 0 0 0 0 0 0 0 0 0 0 0 0 0 0 0 0 0 0 0 0 
8 1 0 0 0 0 0 0 0 0 0 0 0 0 0 0 0 0 0 0 0 0 0 0 0 0 
10 2 0 1 0 0 0 0 0 0 0 0 0 0 0 0 0 0 0 0 0 0 0 0 0 0 
2 0 0 0 0 0 0 0 0 0 0 0 0 0 0 0 0 0 0 0 0 0 0 0 0 0 
15 2 0 0 0 0 0 0 0 0 0 0 0 0 0 0 0 0 0 0 0 0 0 0 0 0 
5 2 0 0 0 0 0 0 0 0 0 0 0 0 0 0 0 0 0 0 0 0 0 0 0 0 
13 0 1 0 0 1 0 0 0 0 0 0 0 0 0 0 0 0 0 0 0 0 0 0 0 0 
14 0 0 1 0 0 0 0 0 0 0 0 0 0 0 0 0 0 0 0 0 0 0 0 0 0 
11 0 2 1 0 0 0 0 0 0 0 0 0 0 0 0 0 0 0 0 0 0 0 0 0 0 
6 0 0 0 0 0 0 0 0 0 0 0 0 0 0 0 0 0 0 0 0 0 0 0 0 0 
6 1 0 0 0 0 0 0 0 0 0 0 0 0 0 0 0 0 0 0 0 0 0 0 0 0 
18 1 2 0 0 0 0 0 0 0 0 0 0 0 0 0 0 0 0 0 0 0 0 0 0 0 
14 3 1 2 0 0 0 0 0 0 0 0 0 0 0 0 0 0 0 0 0 0 0 0 0 0 
6 3 0 0 0 0 0 0 0 0 0 0 0 0 0 0 0 0 0 0 0 0 0 0 0 0 
5 2 0 0 0 0 0 0 0 0 0 0 0 0 0 0 0 0 0 0 0 0 0 0 0 0 

0 0 0 0 0 0 0 0 0 0 0 0 0 0 0 0 0 0 0 0 0 0 0 0 0 0 
0 0 0 0 0 0 0 0 0 0 0 0 0 0 0 0 0 0 0 0 0 0 0 0 0 0 
0 0 0 0 1 2 0 1 0 0 0 0 0 0 0 0 0 0 0 0 0 0 0 0 0 0 
3 0 0 1 1 2 0 0 0 0 0 0 0 0 1 0 0 0 0 0 0 0 0 0 0 0 
2 0 0 0 1 0 0 0 0 1 0 1 0 0 0 0 0 0 0 0 0 0 0 0 0 0 
4 0 4 5 1 0 1 1 2 2 1 1 1 1 1 1 1 1 1 1 1 1 1 1 1 1 
6 2 1 4 3 3 2 2 2 2 3 2 2 2 2 2 2 2 2 2 2 2 2 0 2 2 
4 4 0 4 4 3 3 3 3 3 3 3 3 3 3 4 0 0 0 0 0 0 0 0 0 0 
5 5 4 4 4 4 4 0 4 4 4 0 4 0 0 0 0 0 0 0 0 0 0 0 0 0 
1 2 4 8 5 5 5 5 1 5 1 5 5 5 1 0 1 1 1 1 1 1 1 1 1 0 
0 10 0 3 9 7 6 7 3 6 1 2 2 2 2 0 0 2 0 2 2 0 0 0 0 0 
10 0 3 7 3 8 3 3 3 3 3 0 3 0 1 1 1 3 1 1 1 0 0 0 0 0 
0 5 2 10 8 4 8 0 8 4 0 0 0 0 0 0 0 0 0 0 0 0 0 0 0 0 
2 3 3 2 12 11 7 9 9 9 0 1 1 0 5 1 1 1 1 1 1 1 1 1 1 1 
9 1 6 12 7 13 6 10 0 6 6 0 0 0 0 0 0 0 0 0 0 0 0 0 0 0 
7 9 7 3 0 0 3 0 1 0 0 0 0 0 0 0 0 0 0 0 0 0 0 0 0 0 
4 9 1 6 8 0 4 0 0 4 0 0 0 0 0 0 0 0 0 0 0 0 0 0 0 0 
0 2 5 4 0 9 8 5 3 0 1 0 1 1 0 1 1 1 0 1 1 0 0 1 0 0 
0 3 5 4 5 2 2 2 2 2 2 2 1 2 1 1 0 0 0 0 0 0 0 0 0 0 
8 7 7 1 15 5 3 3 3 3 1 3 3 3 3 1 3 1 1 2 0 0 1 1 0 0 
15 3 8 0 4 3 0 5 2 3 5 2 4 4 4 4 4 3 0 0 0 0 0 0 0 0 
14 11 8 12 5 0 5 9 6 3 1 3 3 2 5 5 1 1 1 1 0 1 1 1 0 1 
9 5 2 0 6 5 6 6 6 7 6 5 6 5 6 6 0 6 4 2 0 2 2 0 2 2 
20 12 7 15 8 5 6 4 6 7 6 5 0 0 7 0 0 0 0 0 0 0 0 0 0 0 
15 12 10 9 9 12 0 8 0 0 8 0 0 0 0 0 0 0 0 0 0 0 0 0 0 0 
6 4 6 0 16 0 0 0 0 0 0 0 0 0 0 0 0 0 0 0 0 0 0 0 0 0 

0 0 0 0 0 0 0 0 0 0 0 0 0 0 0 0 0 0 0 0 0 0 0 0 0 0 
0 0 1 1 1 0 1 0 0 1 1 1 1 1 1 1 0 1 1 0 0 0 1 0 0 0 
0 0 1 0 1 2 0 1 1 1 1 1 1 2 2 0 2 2 1 1 0 1 0 1 1 1 
0 3 2 1 2 0 3 2 2 2 3 2 3 2 3 2 3 1 2 2 1 3 3 3 2 2 
0 0 0 4 4 4 4 3 3 4 4 3 2 3 3 4 4 4 4 3 3 3 3 3 3 3 
2 4 5 5 3 5 3 4 5 5 5 5 4 4 5 4 5 4 4 5 4 5 4 4 4 4 
5 4 3 6 2 5 6 6 6 6 5 5 6 6 6 4 5 5 6 5 6 6 5 6 5 5 
7 7 6 5 6 6 7 7 7 6 6 7 6 7 6 6 6 6 6 6 7 6 5 7 6 6 
0 2 6 7 7 7 8 8 8 8 8 8 8 8 8 8 6 8 7 7 8 6 8 7 7 7 
7 7 6 6 7 8 8 7 8 9 7 7 7 9 9 8 9 8 8 9 9 9 9 8 9 8 
7 1 10 9 10 10 9 7 9 7 9 10 10 10 9 9 10 10 9 10 10 10 10 8 8 10 
0 8 10 10 11 8 10 10 11 11 11 10 11 9 11 10 10 11 10 11 11 10 10 10 10 10 
1 7 7 10 10 12 11 12 11 12 12 12 11 11 12 12 11 12 11 11 11 11 11 11 10 11 
5 13 11 12 13 11 11 13 12 12 12 13 12 13 13 13 13 13 12 13 12 12 12 12 12 11 
10 6 12 12 13 14 12 14 13 13 12 14 13 13 14 13 13 14 12 12 13 14 14 12 13 14 
0 12 15 13 13 15 14 15 15 14 14 15 13 14 14 14 14 15 14 14 15 14 15 14 13 14 
11 16 16 16 16 16 15 16 15 15 16 16 16 15 16 15 16 16 16 15 15 15 15 15 15 14 
0 12 10 17 16 16 17 17 17 16 17 16 17 17 17 17 17 17 16 16 17 17 16 17 15 15 
12 15 12 17 17 18 16 18 18 17 17 18 18 17 17 17 18 17 17 17 18 17 18 17 14 16 
8 17 16 17 18 18 19 17 18 18 19 19 18 19 18 19 19 19 19 18 19 18 17 18 18 18 
10 16 18 20 19 20 20 19 19 19 20 18 20 20 20 20 20 19 20 19 18 18 19 19 19 16 
18 21 21 20 21 19 20 21 20 21 21 20 20 21 20 21 19 20 20 20 18 20 21 20 18 17 
17 17 20 22 22 22 20 20 20 22 22 21 22 22 21 21 21 20 22 20 22 20 19 18 18 20 
13 22 20 20 23 22 22 23 23 23 23 22 22 22 22 23 23 22 22 22 22 21 20 19 21 20 
7 21 24 24 23 24 21 24 24 24 23 24 23 24 22 23 24 24 21 22 22 23 21 22 21 20 
10 10 23 25 23 25 22 24 24 25 25 23 24 24 25 24 25 23 25 24 24 24 24 21 21 21 

0 0 0 0 0 0 0 0 0 0 0 0 0 0 0 0 0 0 0 0 0 0 0 0 0 0 
0 0 1 0 0 1 0 0 0 1 1 1 0 1 0 1 1 1 1 0 1 1 1 0 1 1 
1 1 2 1 1 1 2 1 2 2 2 2 2 1 2 2 2 2 2 2 2 2 1 2 1 2 
1 1 3 3 3 3 1 0 1 1 3 2 3 3 2 3 3 3 3 3 3 3 3 3 3 3 
0 2 0 4 4 4 3 3 3 4 4 4 3 4 4 4 4 4 4 4 4 4 4 4 4 4 
2 3 5 5 4 5 3 5 4 5 4 4 5 5 5 5 5 5 5 5 5 5 5 5 5 5 
1 6 6 6 4 6 5 6 6 6 6 6 6 6 6 6 6 6 6 6 6 6 5 6 5 6 
2 1 5 7 7 7 7 6 7 7 7 7 7 7 7 7 7 7 7 7 7 7 7 7 7 7 
2 5 6 7 6 8 8 7 7 7 8 8 8 8 8 8 8 8 8 8 8 8 8 8 8 8 
7 4 6 9 7 8 9 7 9 9 8 9 9 9 9 9 9 9 9 9 9 9 8 9 9 9 
6 2 9 9 10 10 10 8 10 10 10 10 10 10 10 10 10 10 10 10 9 10 9 10 10 10 
0 4 10 11 11 11 10 11 11 11 10 11 10 11 11 11 11 11 11 11 11 11 11 11 11 11 
5 4 12 11 11 10 12 12 12 12 12 12 12 12 12 12 12 12 12 12 12 12 12 11 12 12 
2 8 11 11 10 12 11 12 13 12 13 12 13 13 13 13 13 13 13 12 13 13 12 13 13 11 
8 14 13 13 12 14 12 14 13 14 12 14 14 14 13 14 14 14 14 14 14 14 14 14 14 14 
4 11 13 13 15 14 15 15 15 15 15 15 15 15 15 14 15 15 15 15 15 14 15 14 13 15 
16 11 15 13 14 16 16 16 16 16 15 15 16 15 16 16 16 16 16 16 16 16 15 16 16 16 
7 14 16 14 16 17 16 17 17 17 17 17 17 17 17 17 17 17 16 17 16 17 17 17 17 16 
0 8 10 18 17 17 18 17 18 18 18 17 18 18 18 18 18 18 18 18 18 18 18 17 18 18 
3 19 12 18 19 19 19 19 19 18 18 19 19 19 19 19 19 19 19 19 19 19 19 19 19 19 
9 16 17 18 20 20 20 20 20 20 20 18 20 20 20 18 20 20 20 20 20 20 20 19 20 20 
16 18 18 21 21 20 21 19 20 21 21 21 19 20 21 21 21 21 20 20 21 21 19 21 21 21 
14 19 20 22 20 21 21 21 22 22 20 22 22 22 21 21 22 22 22 22 22 22 22 22 20 22 
18 16 20 23 23 23 22 23 22 23 23 23 23 23 23 23 23 23 23 23 23 21 22 21 23 21 
0 21 20 21 24 21 22 24 24 23 22 23 24 23 23 24 24 24 22 24 24 24 24 24 23 22 
19 23 25 24 22 25 23 25 23 24 25 25 25 25 25 25 24 25 25 25 23 25 25 25 25 24 

0 0 0 0 0 0 0 0 0 0 0 0 0 0 0 0 0 0 0 0 0 0 0 0 0 0 
0 0 1 0 1 1 0 1 0 1 0 0 0 1 1 0 0 1 0 1 0 1 1 1 1 1 
0 1 0 2 2 2 2 1 2 1 2 2 2 2 2 1 2 2 2 1 2 2 2 2 2 2 
0 3 3 1 2 2 3 3 2 3 3 3 3 3 3 3 3 3 3 3 3 3 3 3 3 3 
1 0 1 4 4 4 4 3 4 4 4 4 4 3 3 3 4 4 4 4 4 4 4 4 4 4 
3 0 1 5 4 5 5 5 5 3 5 5 5 5 5 5 5 5 5 5 5 5 5 5 5 5 
0 6 5 6 6 4 4 5 6 6 4 6 6 6 5 6 5 6 6 6 6 6 6 6 6 6 
0 1 4 6 6 7 7 6 6 6 7 6 7 7 7 7 7 7 7 7 7 7 7 7 7 7 
1 4 1 6 8 7 6 8 7 8 7 8 8 8 8 8 8 8 7 7 8 8 8 8 8 8 
7 9 6 8 7 9 8 9 9 9 9 9 9 9 9 9 9 9 9 9 9 9 9 9 9 9 
6 7 7 8 10 10 9 10 10 10 10 10 10 10 9 10 10 10 10 10 10 10 10 10 10 10 
3 10 6 11 11 10 10 11 11 11 11 11 11 11 11 11 11 11 11 11 11 11 11 11 11 11 
2 11 10 12 10 12 12 12 12 12 12 12 12 12 12 12 12 12 12 12 12 12 12 12 12 12 
5 8 13 13 13 11 12 13 13 12 13 12 13 13 13 13 13 13 13 13 13 13 13 13 12 13 
12 7 14 12 12 12 14 14 14 13 14 14 14 14 14 14 12 14 14 14 13 14 14 14 13 14 
9 7 9 15 15 14 13 15 12 15 13 14 14 15 15 15 15 15 15 15 15 15 15 14 14 15 
13 6 13 16 16 16 14 15 14 16 16 14 16 16 16 16 16 16 16 16 16 15 16 16 16 16 
3 11 15 16 17 17 17 17 16 17 17 17 17 17 17 17 17 17 17 17 17 17 17 17 17 17 
10 12 17 17 18 18 18 17 17 18 17 18 17 18 18 18 18 17 18 18 17 18 18 18 18 18 
7 16 17 18 18 19 18 19 19 19 19 19 19 19 19 19 19 19 19 19 19 19 19 19 19 19 
6 17 19 20 18 20 20 20 20 20 20 20 20 20 20 20 20 20 20 20 20 20 20 20 20 20 
5 20 19 21 20 20 20 20 21 21 21 21 21 21 21 21 19 21 21 21 21 21 20 21 21 21 
15 19 22 20 22 22 22 22 22 22 22 22 22 22 22 22 22 21 22 20 22 22 20 22 22 22 
20 16 23 22 23 23 22 23 23 23 23 23 23 23 23 23 23 22 23 23 23 23 22 23 23 22 
16 21 23 21 24 24 23 23 24 22 24 23 24 24 24 24 23 24 23 24 23 22 24 24 24 24 
18 23 25 25 25 25 25 24 25 25 24 23 25 25 24 25 25 25 25 25 23 25 25 24 24 25 

0 0 0 0 0 0 0 0 0 0 0 0 0 0 0 0 0 0 0 0 0 0 0 0 0 0 
1 1 0 0 0 1 0 1 0 0 0 1 1 1 1 0 0 0 1 1 1 1 1 1 1 1 
2 0 1 2 0 0 0 2 1 2 2 2 2 2 2 2 2 2 2 2 2 2 2 2 2 2 
2 2 0 2 2 0 1 1 1 3 3 1 2 3 3 3 3 3 3 3 3 3 3 3 3 3 
1 1 2 4 3 2 4 4 4 3 4 4 4 4 3 4 4 4 4 3 4 4 4 4 4 4 
2 3 5 3 5 5 4 5 3 5 5 3 5 5 5 5 5 5 4 3 5 5 5 5 5 5 
4 4 1 5 4 4 6 5 6 5 6 6 6 6 6 6 6 6 6 6 6 6 6 6 6 6 
0 2 7 7 6 7 7 7 6 7 7 7 6 7 6 7 7 7 7 7 7 7 7 7 7 7 
4 5 6 8 7 6 8 6 8 7 7 6 8 8 8 6 8 8 8 8 8 8 8 8 8 8 
0 0 8 7 7 7 7 9 9 9 8 9 9 9 9 9 9 9 9 9 9 9 9 9 9 9 
5 8 7 10 8 10 10 10 9 10 9 10 10 10 10 10 10 10 10 10 10 9 10 10 10 10 
5 3 11 10 10 11 10 11 10 11 11 11 11 10 10 11 11 11 11 11 11 11 11 11 11 11 
3 12 11 11 11 11 10 11 12 11 11 12 12 12 12 12 12 11 12 12 12 12 12 12 12 12 
10 3 12 10 11 13 12 12 13 12 13 13 12 13 13 12 13 13 13 13 13 13 13 13 13 13 
4 11 12 11 13 14 12 14 12 14 14 14 14 14 14 14 14 14 14 14 14 14 14 14 14 14 
0 10 14 11 14 13 15 13 15 13 15 15 15 15 15 15 15 15 15 15 15 15 15 15 15 15 
11 12 12 16 15 12 14 16 16 15 15 16 16 16 16 16 16 16 16 16 16 16 16 16 16 16 
11 14 15 17 17 17 17 17 17 17 17 17 17 17 17 17 17 17 17 17 17 17 17 17 17 17 
4 14 15 17 17 18 18 18 18 18 18 18 18 18 17 18 17 18 18 18 18 18 18 18 18 18 
16 15 18 16 19 18 18 18 19 18 19 19 19 19 19 19 19 19 19 19 19 19 19 19 18 19 
0 17 19 18 20 20 20 18 19 20 20 20 20 20 20 20 20 20 20 20 20 20 20 20 20 20 
21 5 17 19 20 21 21 20 21 19 20 20 21 21 21 21 19 21 21 21 20 21 21 21 21 21 
13 22 19 20 20 22 20 22 19 20 21 21 22 22 22 22 22 22 21 22 22 22 22 22 22 22 
8 23 22 23 20 21 22 21 21 23 21 23 21 23 23 23 23 23 21 23 23 23 22 23 22 23 
17 8 20 23 23 24 24 24 22 22 24 24 24 24 23 22 24 24 22 24 24 24 23 24 24 23 
10 22 25 25 23 25 25 23 23 25 25 25 25 23 25 23 25 24 25 25 24 25 25 25 25 25 

