492 0 0 48
492 0 0 48
492 0 0 48
492 0 0 48
492 0 0 48
492 0 0 48
492 0 0 48
492 0 0 48
492 0 0 48
492 0 0 48
492 0 0 48
492 0 0 48
492 0 0 48
492 0 0 48
492 0 0 48
492 0 0 48
492 0 0 48
492 0 0 48
492 0 0 48
492 0 0 48
491.984 0.125972 0 48
491.984 0.125972 0 48
491.984 0.125972 0 48
491.952 0.377915 0 48
491.952 0.377915 0 48
491.935 0.503887 0 48
491.935 0.503887 0 48
491.919 0.629859 0 48
491.855 0.779718 0 48
491.742 0.949286 0 48
491.419 1.22538 0 48
491.032 1.3316 0 48
490.903 1.56277 0 48
490.71 2.49766 0 48
490.613 2.6782 0 48
490.435 2.45358 0 48
489.903 2.74573 0 48
489.339 3.27721 0 48
488.871 3.41479 0 48
488.097 3.94196 0 48
487.097 4.97967 0 48
486.194 5.46201 0 48
485.161 5.36474 0 48
484.113 5.23975 0 48
482.016 8.62759 0 48
479.613 9.14287 0 48
477.048 9.54181 0 48
475.629 9.25662 0 48
474.21 8.67911 0 48
473 8.48338 0 48
470.581 11.3002 0 48
466.161 15.4859 0 48
457.758 21.8349 0 48
448.565 24.3089 0 48
442.258 25.6131 0 48
438.806 26.226 0 48
432.548 25.1426 0 48
431.21 23.0092 0 48
428.903 19.5611 0 48
428.484 17.476 0 48
428.903 15.8569 0 48
427.581 13.8501 0 48
427.177 13.0539 0 48
426.968 12.1509 0 48
427.242 11.631 0 48
427.774 11.139 0 48
427.145 9.50186 0 48
427.016 8.48241 0 48
426.839 7.75885 0 48
426.823 7.73456 0 48
426.339 6.99757 0 48
426.323 6.84099 0 48
425.839 5.80654 0 48
425.79 5.30106 0 48
425.758 5.05034 0 48
425 1.03175 0 48
425 1.35599 0 48
424.903 1.82906 0 48
424.984 1.59123 0 48
425.113 0.785038 0 48
425.21 0.407078 0 48
425.226 0.418112 0 48
425.274 0.446107 0 48
425.258 0.43757 0 48
425.242 0.464393 0 48
425.258 0.472996 0 48
425.242 0.497914 0 48
425.194 0.533966 0 48
425.323 1.11838 0 48
425.742 2.15478 0 48
426.661 3.48241 0 48
416.371 64.0915 0 48
404.21 95.093 0 48
398.774 105.535 0 48
377.016 129.819 0 48
333.242 166.206 0 48
295.887 184.104 0 48
260.5 191.816 0 48
247.903 193.899 0 48
222.032 194.533 0 48
186.258 187.228 0 48
167.145 181.212 0 48
137.129 165.35 0 48
124.194 157.349 0 48
119.081 152.098 0 48
113.226 146.767 0 48
114 146.389 0 48
110.5 140.076 0 48
106.629 135.665 0 48
107.919 135.91 0 48
103.468 129.788 0 48
106.194 129.669 0 48
94.2742 115.045 0 48
96.0484 114.725 0 48
91.5323 106.9 0 48
96.4839 109.617 0 48
92.2903 101.689 0 48
92.8065 101.81 0 48
87.4677 83.2351 0 48
82.8065 72.6898 0 48
86.4839 74.3075 0 48
89.3226 76.001 0 48
92.7419 75.5287 0 48
97.129 80.5388 0 48
98.7581 80.8642 0 48
103.387 85.2952 0 48
109 89.1597 0 48
109.984 88.6857 0 48
116.145 90.7021 0 48
119.79 92.4643 0 48
125.952 106.043 0 48
131.661 106.408 0 48
136.097 108.237 0 48
137.339 108.311 0 48
138.081 107.954 0 48
143.919 111.039 0 48
150.903 109.494 0 48
153.032 110.581 0 48
156.694 108.907 0 48
158.452 111.638 0 48
166.79 110.84 0 48
170.661 110.487 0 48
177.403 111.174 0 48
179.903 112.674 0 48
187.065 117.147 0 48
191.032 116.268 0 48
195.484 119.767 0 48
203.435 121.672 0 48
213.645 126.045 0 48
218.839 126.93 0 48
224.742 126.31 0 48
229.016 128.098 0 48
232.597 128.323 0 48
236.839 129.198 0 48
240.79 127.634 0 48
248.855 129.987 0 48
258.113 133.912 0 48
259.548 134.269 0 48
265.065 135.003 0 48
275.677 144.143 0 48
284.726 141.501 0 48
287.145 141.055 0 48
290.339 142.572 0 48
292.661 142.364 0 48
301.935 146.413 0 48
308.919 143.994 0 48
315.194 143.189 0 48
324.032 143.033 0 48
328.839 141.949 0 48
334 143.17 0 48
340.065 144.018 0 48
342.177 144.687 0 48
350.774 144.1 0 48
355.565 143.127 0 48
364.194 148.444 0 48
375.548 154.338 0 48
382.581 150.44 0 48
388 152.909 0 48
393.742 152.861 0 48
402.258 158.688 0 48
409.032 159.554 0 48
411.823 158.164 0 48
417.081 157.029 0 48
423.161 154.578 0 48
428.113 153.705 0 48
431.21 152.659 0 48
439.839 147.822 0 48
442.887 147.747 0 48
448.565 146.691 0 48
450.161 146.741 0 48
455.532 149.071 0 48
461.258 149.592 0 48
463.113 150.113 0 48
474.29 154.746 0 48
476.742 155.239 0 48
478.145 155.347 0 48
490.548 156.159 0 48
496.806 154.757 0 48
502.726 157.805 0 48
503.984 158.126 0 48
507.387 161.167 0 48
515.516 159.355 0 48
517.516 159.275 0 48
522.258 157.587 0 48
530.903 152.682 0 48
537.823 148.815 0 48
538.758 146.538 0 48
544.677 145.69 0 48
547.242 143.019 0 48
554.516 141.655 0 48
555.871 140.699 0 48
558.548 139.116 0 48
562.306 141.565 0 48
570.323 138.696 0 48
571.032 138.757 0 48
571.645 138.398 0 48
576.5 138.295 0 48
580.565 137.188 0 48
586.419 136.085 0 48
590.177 135.32 0 48
593.161 135.374 0 48
596.871 135.631 0 48
598.581 135.84 0 48
603.758 131.685 0 48
609.629 129.921 0 48
612 129.577 0 48
614.419 129.404 0 48
616.403 128.308 0 48
621.194 122.139 0 48
624.226 121.298 0 48
626.935 116.662 0 48
628.613 117.693 0 48
633.839 116.878 0 48
635.597 116.278 0 48
637.984 115.305 0 48
639.516 115.24 0 48
642.161 113.82 0 48
645.145 115.363 0 48
654.484 107.364 0 48
659.871 107.059 0 48
661.968 107.338 0 48
666.71 110.032 0 48
668.79 111.022 0 48
670.097 110.632 0 48
671.694 108.91 0 48
672.694 108.793 0 48
675.097 108.41 0 48
675.21 108.348 0 48
675.613 108.327 0 48
676.145 108.527 0 48
680.274 105.698 0 48
684.677 102.681 0 48
685.419 102.025 0 48
685.839 101.807 0 48
688.935 98.0232 0 48
691.919 97.2024 0 48
697.032 98.8335 0 48
702.71 97.9309 0 48
704.306 96.1316 0 48
707.048 96.6434 0 48
707.339 97.0256 0 48
708.468 97.0217 0 48
710.645 96.6625 0 48
711.581 94.647 0 48
712.532 94.5367 0 48
714.548 94.4674 0 48
716.984 94.2249 0 48
720.194 94.0974 0 48
722.839 92.5196 0 48
724.984 93.0436 0 48
728.532 91.3098 0 48
731.694 88.598 0 48
732.306 88.8394 0 48
732.452 88.8904 0 48
733.21 88.9105 0 48
734.403 87.3265 0 48
735.081 87.5021 0 48
736.452 88.0899 0 48
739.113 88.7894 0 48
742.452 86.1444 0 48
743.468 85.2052 0 48
745.5 85.3437 0 48
748.161 84.9446 0 48
749.435 85.4099 0 48
749.5 85.8565 0 48
750.032 85.9266 0 48
750.758 85.9806 0 48
752.613 85.6209 0 48
753.177 85.1067 0 48
753.387 85.3349 0 48
753.806 85.3597 0 48
755.306 85.0081 0 48
758 84.8885 0 48
759.952 84.9914 0 48
764.581 83.7894 0 48
766.113 82.505 0 48
769.371 82.2706 0 48
772.065 83.5842 0 48
772.597 84.0277 0 48
772.984 84.1907 0 48
774.145 84.351 0 48
778.161 79.0317 0 48
778.984 79.3869 0 48
781.758 76.7942 0 48
784.758 77.2597 0 48
786.532 78.2392 0 48
788.565 78.7699 0 48
789.452 77.8283 0 48
790.242 77.615 0 48
791.984 76.1076 0 48
792.565 76.1041 0 48
794.081 76.1445 0 48
794.71 75.6425 0 48
795.71 72.9599 0 48
795.968 72.5694 0 48
798 70.7859 0 48
798.403 70.3485 0 48
800.113 69.906 0 48
801.677 69.6963 0 48
803.452 70.529 0 48
805.742 68.8069 0 48
806.323 68.3678 0 48
807.968 67.0147 0 48
809.935 67.0279 0 48
810.677 67.0336 0 48
811.403 67.8429 0 48
812.613 68.6408 0 48
814.694 70.0722 0 48
814.742 69.994 0 48
817.855 69.1776 0 48
818.677 69.6951 0 48
819.597 69.9086 0 48
819.839 70.6671 0 48
819.419 71.1998 0 48
820.645 70.4298 0 48
821.952 71.1614 0 48
823.597 71.3057 0 48
825.177 71.8182 0 48
828.435 70.8405 0 48
829.161 71.1507 0 48
829.597 71.1875 0 48
830.016 70.6078 0 48
831.774 70.3313 0 48
833.016 70.2715 0 48
833.855 71.0894 0 48
836.29 71.4345 0 48
838.758 70.459 0 48
841.242 70.2127 0 48
842.661 70.1052 0 48
843.226 69.8007 0 48
845.016 68.7221 0 48
846.694 68.475 0 48
847.048 68.4973 0 48
847.79 68.3761 0 48
849.323 67.7571 0 48
850.661 67.2741 0 48
851.065 66.6374 0 48
851.71 66.4477 0 48
853.323 66.4216 0 48
854.565 66.7007 0 48
856.387 62.9514 0 48
857.806 62.6706 0 48
859.952 62.3883 0 48
860.758 62.8356 0 48
862.581 61.7008 0 48
862.871 61.5508 0 48
863.645 60.5598 0 48
864.661 60.5067 0 48
865.661 59.9233 0 48
866.661 60.2291 0 48
867.177 59.7318 0 48
867.887 59.1346 0 48
868.339 58.9447 0 48
869.79 58.2645 0 48
870.129 57.7909 0 48
872.177 55.2436 0 48
873.419 54.8598 0 48
874.29 53.7738 0 48
875.387 54.1588 0 48
875.823 54.2852 0 48
876.161 54.2694 0 48
878.661 54.8993 0 48
879.081 54.7909 0 48
879.194 54.9424 0 48
879.081 55.0438 0 48
879.226 55.2141 0 48
879.79 55.0455 0 48
880.177 55.2903 0 48
880.694 55.7632 0 48
881.21 55.7275 0 48
882.677 55.6141 0 48
883.419 55.1937 0 48
884.032 55.1958 0 48
884.419 55.0301 0 48
886.806 51.9087 0 48
887.032 51.8717 0 48
887.935 51.8558 0 48
889.726 50.6701 0 48
890.726 48.7105 0 48
891.5 48.3998 0 48
891.806 48.91 0 48
892.081 48.9313 0 48
892.565 48.3234 0 48
893.371 47.5144 0 48
893.694 47.3803 0 48
894.21 47.1347 0 48
895.774 44.8278 0 48
896.403 44.6356 0 48
897.032 44.5892 0 48
897.855 45.1327 0 48
897.79 45.3859 0 48
897.984 45.485 0 48
898.452 44.9784 0 48
898.871 45.318 0 48
899.21 45.8828 0 48
899.516 46.0209 0 48
900 45.812 0 48
901.435 44.1316 0 48
902.145 43.3641 0 48
902.774 43.2194 0 48
902.919 43.0365 0 48
903.71 41.946 0 48
903.839 41.8092 0 48
904.548 41.5931 0 48
904.839 41.7045 0 48
905.484 41.5183 0 48
905.565 42.2094 0 48
905.758 42.4962 0 48
905.984 42.5867 0 48
906.29 42.5427 0 48
906.613 42.5052 0 48
908.226 42.0044 0 48
909.145 40.5665 0 48
909.613 40.6565 0 48
910.097 40.0937 0 48
912.097 36.9008 0 48
912.387 37.1559 0 48
912.645 37.0114 0 48
914.226 33.797 0 48
914.355 33.7768 0 48
915.435 32.9284 0 48
915.452 33.0609 0 48
915.71 33.1397 0 48
917.161 31.0022 0 48
917.403 31.2066 0 48
918.387 29.5577 0 48
918.839 29.7301 0 48
919 29.5788 0 48
918.823 30.0465 0 48
919.21 30.3438 0 48
919.613 29.7681 0 48
920.29 29.6264 0 48
920.371 29.5549 0 48
920.452 29.518 0 48
921.839 27.0848 0 48
921.935 27.0035 0 48
922.097 26.7911 0 48
922.581 26.2036 0 48
922.645 26.0929 0 48
923.21 25.747 0 48
923.29 25.6807 0 48
923.468 25.9607 0 48
924.194 25.686 0 48
924.516 25.5177 0 48
924.516 25.4702 0 48
924.968 25.3441 0 48
925.032 25.5191 0 48
925.194 25.3993 0 48
925.435 25.2782 0 48
925.532 25.183 0 48
926.065 24.598 0 48
926.21 24.8623 0 48
926.097 25.0372 0 48
926.548 24.8243 0 48
926.677 24.8517 0 48
926.984 24.461 0 48
927.597 24.1757 0 48
927.694 24.2012 0 48
927.742 24.3297 0 48
928.484 23.4808 0 48
928.565 23.4408 0 48
929.129 22.9807 0 48
929.177 23.0927 0 48
929.274 23.0764 0 48
929.887 22.6873 0 48
929.871 22.9329 0 48
930.694 22.704 0 48
930.806 22.3136 0 48
931.032 22.3751 0 48
931.129 22.4869 0 48
931.387 22.5255 0 48
931.387 22.6839 0 48
931.903 22.3648 0 48
931.903 22.5994 0 48
931.968 22.7397 0 48
933.113 18.7987 0 48
933.161 18.8013 0 48
933.952 19.0665 0 48
934.048 19.1264 0 48

934.048 19.1264 0 48
114 0.156863 0.411765
